0 0 0 11 
0 12 0 23 
0 24 0 35 
0 36 0 47 
0 48 0 59 
0 60 0 71 
0 72 0 83 
0 84 0 95 
0 96 0 107 
0 108 0 119 
0 120 0 131 
0 132 0 143 
0 144 0 155 
0 156 0 167 
0 168 0 179 
0 180 0 191 
0 192 0 203 
1 0 1 11 
1 12 1 23 
1 24 1 35 
1 36 1 47 
1 48 1 59 
1 60 1 71 
1 72 1 83 
1 84 1 95 
1 96 1 107 
1 108 1 119 
1 120 1 131 
1 132 1 143 
1 144 1 155 
1 156 1 167 
1 168 1 179 
1 180 1 191 
1 198 1 209 
2 13 2 24 
2 25 2 36 
2 37 2 48 
2 49 2 60 
2 61 2 72 
2 73 2 84 
2 85 2 96 
2 97 2 108 
2 109 2 120 
2 121 2 132 
2 133 2 144 
2 145 2 156 
2 157 2 168 
2 169 2 180 
2 181 2 192 
2 194 2 205 
3 0 3 11 
3 12 3 23 
3 24 3 35 
3 36 3 47 
3 48 3 59 
3 60 3 71 
3 72 3 83 
3 84 3 95 
3 96 3 107 
3 108 3 119 
3 120 3 131 
3 132 3 143 
3 144 3 155 
3 156 3 167 
3 169 3 180 
3 181 3 192 
3 193 3 204 
4 0 4 11 
4 12 4 23 
4 24 4 35 
4 36 4 47 
4 48 4 59 
4 60 4 71 
4 72 4 83 
4 84 4 95 
4 98 4 109 
4 110 4 121 
4 122 4 133 
4 134 4 145 
4 146 4 157 
4 158 4 169 
4 170 4 181 
4 182 4 193 
5 0 5 11 
5 12 5 23 
5 24 5 35 
5 36 5 47 
5 48 5 59 
5 60 5 71 
5 72 5 83 
5 84 5 95 
5 96 5 107 
5 108 5 119 
5 120 5 131 
5 132 5 143 
5 144 5 155 
5 156 5 167 
5 168 5 179 
5 180 5 191 
5 192 5 203 
6 0 6 11 
6 12 6 23 
6 24 6 35 
6 36 6 47 
6 48 6 59 
6 61 6 72 
6 73 6 84 
6 85 6 96 
6 98 6 109 
6 110 6 121 
6 122 6 133 
6 148 6 159 
6 160 6 171 
6 172 6 183 
6 184 6 195 
7 0 7 11 
7 12 7 23 
7 24 7 35 
7 36 7 47 
7 48 7 59 
7 60 7 71 
7 72 7 83 
7 84 7 95 
7 96 7 107 
7 108 7 119 
7 120 7 131 
7 132 7 143 
7 144 7 155 
7 156 7 167 
7 168 7 179 
7 180 7 191 
7 194 7 205 
8 0 8 11 
8 12 8 23 
8 24 8 35 
8 36 8 47 
8 48 8 59 
8 60 8 71 
8 72 8 83 
8 84 8 95 
8 96 8 107 
8 108 8 119 
8 120 8 131 
8 132 8 143 
8 144 8 155 
8 156 8 167 
8 168 8 179 
8 180 8 191 
8 192 8 203 
9 1 9 12 
9 13 9 24 
9 25 9 36 
9 37 9 48 
9 49 9 60 
9 62 9 73 
9 74 9 85 
9 86 9 97 
9 100 9 111 
9 112 9 123 
9 124 9 135 
9 136 9 147 
9 148 9 159 
9 160 9 171 
9 172 9 183 
9 184 9 195 
10 0 10 11 
10 12 10 23 
10 24 10 35 
10 36 10 47 
10 48 10 59 
10 60 10 71 
10 72 10 83 
10 84 10 95 
10 96 10 107 
10 110 10 121 
10 122 10 133 
10 134 10 145 
10 146 10 157 
10 158 10 169 
10 170 10 181 
10 182 10 193 
11 0 11 11 
11 12 11 23 
11 24 11 35 
11 36 11 47 
11 48 11 59 
11 60 11 71 
11 72 11 83 
11 84 11 95 
11 96 11 107 
11 108 11 119 
11 120 11 131 
11 132 11 143 
11 144 11 155 
11 157 11 168 
11 169 11 180 
11 181 11 192 
11 193 11 204 
12 0 12 11 
12 12 12 23 
12 24 12 35 
12 40 12 51 
12 53 12 64 
12 65 12 76 
12 78 12 89 
12 90 12 101 
12 102 12 113 
12 114 12 125 
12 126 12 137 
12 138 12 149 
12 150 12 161 
12 162 12 173 
12 174 12 185 
12 186 12 197 
13 0 13 11 
13 12 13 23 
13 24 13 35 
13 36 13 47 
13 48 13 59 
13 60 13 71 
13 72 13 83 
13 84 13 95 
13 96 13 107 
13 108 13 119 
13 120 13 131 
13 132 13 143 
13 146 13 157 
13 158 13 169 
13 170 13 181 
13 182 13 193 
14 0 14 11 
14 12 14 23 
14 24 14 35 
14 36 14 47 
14 48 14 59 
14 60 14 71 
14 72 14 83 
14 84 14 95 
14 100 14 111 
14 112 14 123 
14 124 14 135 
14 136 14 147 
14 148 14 159 
14 162 14 173 
14 174 14 185 
14 186 14 197 
15 0 15 11 
15 12 15 23 
15 24 15 35 
15 36 15 47 
15 48 15 59 
15 60 15 71 
15 72 15 83 
15 84 15 95 
15 96 15 107 
15 108 15 119 
15 120 15 131 
15 132 15 143 
15 144 15 155 
15 156 15 167 
15 168 15 179 
15 180 15 191 
15 192 15 203 
16 0 16 11 
16 12 16 23 
16 24 16 35 
16 36 16 47 
16 48 16 59 
16 60 16 71 
16 72 16 83 
16 84 16 95 
16 96 16 107 
16 108 16 119 
16 120 16 131 
16 132 16 143 
16 144 16 155 
16 156 16 167 
16 168 16 179 
16 180 16 191 
16 192 16 203 
17 0 17 11 
17 12 17 23 
17 24 17 35 
17 36 17 47 
17 48 17 59 
17 60 17 71 
17 72 17 83 
17 85 17 96 
17 97 17 108 
17 115 17 126 
17 127 17 138 
17 139 17 150 
17 151 17 162 
17 163 17 174 
17 175 17 186 
17 187 17 198 
18 0 18 11 
18 12 18 23 
18 24 18 35 
18 36 18 47 
18 48 18 59 
18 60 18 71 
18 72 18 83 
18 84 18 95 
18 96 18 107 
18 108 18 119 
18 121 18 132 
18 133 18 144 
18 145 18 156 
18 159 18 170 
18 171 18 182 
18 183 18 194 
19 0 19 11 
19 12 19 23 
19 24 19 35 
19 36 19 47 
19 48 19 59 
19 60 19 71 
19 72 19 83 
19 84 19 95 
19 96 19 107 
19 113 19 124 
19 125 19 136 
19 137 19 148 
19 149 19 160 
19 161 19 172 
19 173 19 184 
19 185 19 196 
20 0 20 11 
20 12 20 23 
20 24 20 35 
20 38 20 49 
20 50 20 61 
20 62 20 73 
20 74 20 85 
20 100 20 111 
20 149 20 160 
20 161 20 172 
20 173 20 184 
20 185 20 196 
21 0 21 11 
21 12 21 23 
21 24 21 35 
21 36 21 47 
21 48 21 59 
21 60 21 71 
21 72 21 83 
21 84 21 95 
21 96 21 107 
21 108 21 119 
21 120 21 131 
21 132 21 143 
21 144 21 155 
21 156 21 167 
21 168 21 179 
21 180 21 191 
21 193 21 204 
22 0 22 11 
22 12 22 23 
22 24 22 35 
22 36 22 47 
22 48 22 59 
22 60 22 71 
22 72 22 83 
22 84 22 95 
22 96 22 107 
22 108 22 119 
22 120 22 131 
22 132 22 143 
22 144 22 155 
22 156 22 167 
22 168 22 179 
22 180 22 191 
22 194 22 205 
23 0 23 11 
23 12 23 23 
23 24 23 35 
23 36 23 47 
23 48 23 59 
23 60 23 71 
23 72 23 83 
23 84 23 95 
23 96 23 107 
23 131 23 142 
23 143 23 154 
23 155 23 166 
23 167 23 178 
23 179 23 190 
23 191 23 202 
24 0 24 11 
24 12 24 23 
24 24 24 35 
24 36 24 47 
24 48 24 59 
24 60 24 71 
24 72 24 83 
24 84 24 95 
24 96 24 107 
24 121 24 132 
24 133 24 144 
24 145 24 156 
24 157 24 168 
24 170 24 181 
24 182 24 193 
25 0 25 11 
25 12 25 23 
25 24 25 35 
25 36 25 47 
25 48 25 59 
25 60 25 71 
25 72 25 83 
25 84 25 95 
25 96 25 107 
25 108 25 119 
25 120 25 131 
25 132 25 143 
25 144 25 155 
25 156 25 167 
25 168 25 179 
25 180 25 191 
25 193 25 204 
26 0 26 11 
26 12 26 23 
26 24 26 35 
26 36 26 47 
26 48 26 59 
26 60 26 71 
26 72 26 83 
26 84 26 95 
26 96 26 107 
26 121 26 132 
26 133 26 144 
26 145 26 156 
26 157 26 168 
26 169 26 180 
26 182 26 193 
27 0 27 11 
27 12 27 23 
27 38 27 49 
27 80 27 91 
27 92 27 103 
27 104 27 115 
27 116 27 127 
27 128 27 139 
27 140 27 151 
27 152 27 163 
27 164 27 175 
27 176 27 187 
27 188 27 199 
28 0 28 11 
28 12 28 23 
28 24 28 35 
28 36 28 47 
28 48 28 59 
28 60 28 71 
28 72 28 83 
28 87 28 98 
28 99 28 110 
28 134 28 145 
28 148 28 159 
28 160 28 171 
28 172 28 183 
28 184 28 195 
29 0 29 11 
29 12 29 23 
29 24 29 35 
29 36 29 47 
29 53 29 64 
29 66 29 77 
29 78 29 89 
29 90 29 101 
29 102 29 113 
29 114 29 125 
29 126 29 137 
29 138 29 149 
29 163 29 174 
29 176 29 187 
29 188 29 199 
30 0 30 11 
30 12 30 23 
30 37 30 48 
30 50 30 61 
30 62 30 73 
30 74 30 85 
30 86 30 97 
30 98 30 109 
30 110 30 121 
30 122 30 133 
30 134 30 145 
30 146 30 157 
30 158 30 169 
30 170 30 181 
30 182 30 193 
31 0 31 11 
31 12 31 23 
31 58 31 69 
31 70 31 81 
31 82 31 93 
31 94 31 105 
31 106 31 117 
31 119 31 130 
31 131 31 142 
31 143 31 154 
31 155 31 166 
31 167 31 178 
32 0 32 11 
32 12 32 23 
32 24 32 35 
32 36 32 47 
32 48 32 59 
32 60 32 71 
32 73 32 84 
32 85 32 96 
32 97 32 108 
32 109 32 120 
32 121 32 132 
32 133 32 144 
32 145 32 156 
32 157 32 168 
32 169 32 180 
32 181 32 192 
32 193 32 204 
33 0 33 11 
33 12 33 23 
33 25 33 36 
33 37 33 48 
33 49 33 60 
33 61 33 72 
33 73 33 84 
33 85 33 96 
33 97 33 108 
33 111 33 122 
33 123 33 134 
33 135 33 146 
33 147 33 158 
33 159 33 170 
33 171 33 182 
33 183 33 194 
34 20 34 31 
34 32 34 43 
34 44 34 55 
34 56 34 67 
34 68 34 79 
34 80 34 91 
34 107 34 118 
34 119 34 130 
34 131 34 142 
34 143 34 154 
34 155 34 166 
34 167 34 178 
34 179 34 190 
34 191 34 202 
35 0 35 11 
35 12 35 23 
35 24 35 35 
35 36 35 47 
35 48 35 59 
35 60 35 71 
35 72 35 83 
35 84 35 95 
35 96 35 107 
35 108 35 119 
35 120 35 131 
35 132 35 143 
35 144 35 155 
35 156 35 167 
35 168 35 179 
36 0 36 11 
36 12 36 23 
36 24 36 35 
36 36 36 47 
36 48 36 59 
36 60 36 71 
36 72 36 83 
36 84 36 95 
36 98 36 109 
36 110 36 121 
36 122 36 133 
36 134 36 145 
36 146 36 157 
36 158 36 169 
36 170 36 181 
36 182 36 193 
37 0 37 11 
37 12 37 23 
37 24 37 35 
37 36 37 47 
37 76 37 87 
37 88 37 99 
37 100 37 111 
37 112 37 123 
37 125 37 136 
37 137 37 148 
37 153 37 164 
37 165 37 176 
37 191 37 202 
38 0 38 11 
38 12 38 23 
38 24 38 35 
38 36 38 47 
38 48 38 59 
38 60 38 71 
38 72 38 83 
38 84 38 95 
38 96 38 107 
38 111 38 122 
38 123 38 134 
38 135 38 146 
38 149 38 160 
38 174 38 185 
38 186 38 197 
39 13 39 24 
39 25 39 36 
39 37 39 48 
39 49 39 60 
39 61 39 72 
39 75 39 86 
39 87 39 98 
39 99 39 110 
39 111 39 122 
39 123 39 134 
39 135 39 146 
39 147 39 158 
39 159 39 170 
39 171 39 182 
39 183 39 194 
40 2 40 13 
40 14 40 25 
40 26 40 37 
40 38 40 49 
40 50 40 61 
40 62 40 73 
40 75 40 86 
40 87 40 98 
40 119 40 130 
40 131 40 142 
40 143 40 154 
40 155 40 166 
40 168 40 179 
40 180 40 191 
40 192 40 203 
41 0 41 11 
41 12 41 23 
41 24 41 35 
41 36 41 47 
41 48 41 59 
41 60 41 71 
41 72 41 83 
41 84 41 95 
41 96 41 107 
41 108 41 119 
41 120 41 131 
41 132 41 143 
41 144 41 155 
41 156 41 167 
41 168 41 179 
41 180 41 191 
41 192 41 203 
42 0 42 11 
42 13 42 24 
42 25 42 36 
42 50 42 61 
42 62 42 73 
42 74 42 85 
42 86 42 97 
42 98 42 109 
42 110 42 121 
42 122 42 133 
42 134 42 145 
42 146 42 157 
42 158 42 169 
42 170 42 181 
42 182 42 193 
43 0 43 11 
43 12 43 23 
43 24 43 35 
43 36 43 47 
43 48 43 59 
43 73 43 84 
43 85 43 96 
43 97 43 108 
43 109 43 120 
43 121 43 132 
43 133 43 144 
43 145 43 156 
43 157 43 168 
43 169 43 180 
43 181 43 192 
43 193 43 204 
44 0 44 11 
44 12 44 23 
44 24 44 35 
44 36 44 47 
44 48 44 59 
44 60 44 71 
44 72 44 83 
44 84 44 95 
44 96 44 107 
44 108 44 119 
44 120 44 131 
44 132 44 143 
44 144 44 155 
44 156 44 167 
44 168 44 179 
44 180 44 191 
44 192 44 203 
45 0 45 11 
45 12 45 23 
45 24 45 35 
45 36 45 47 
45 48 45 59 
45 60 45 71 
45 72 45 83 
45 84 45 95 
45 96 45 107 
45 108 45 119 
45 120 45 131 
45 132 45 143 
45 145 45 156 
45 157 45 168 
45 169 45 180 
45 181 45 192 
45 193 45 204 
46 2 46 13 
46 14 46 25 
46 26 46 37 
46 38 46 49 
46 52 46 63 
46 64 46 75 
46 76 46 87 
46 88 46 99 
46 118 46 129 
46 130 46 141 
46 142 46 153 
46 154 46 165 
46 166 46 177 
46 178 46 189 
46 190 46 201 
47 0 47 11 
47 12 47 23 
47 24 47 35 
47 36 47 47 
47 48 47 59 
47 60 47 71 
47 72 47 83 
47 84 47 95 
47 96 47 107 
47 108 47 119 
47 120 47 131 
47 133 47 144 
47 145 47 156 
47 157 47 168 
47 169 47 180 
47 181 47 192 
47 193 47 204 
48 15 48 26 
48 27 48 38 
48 39 48 50 
48 51 48 62 
48 63 48 74 
48 75 48 86 
48 87 48 98 
48 99 48 110 
48 126 48 137 
48 151 48 162 
48 164 48 175 
48 176 48 187 
48 188 48 199 
49 0 49 11 
49 12 49 23 
49 24 49 35 
49 37 49 48 
49 50 49 61 
49 65 49 76 
49 77 49 88 
49 89 49 100 
49 101 49 112 
49 113 49 124 
49 125 49 136 
49 137 49 148 
49 149 49 160 
49 161 49 172 
49 173 49 184 
50 0 50 11 
50 12 50 23 
50 24 50 35 
50 36 50 47 
50 48 50 59 
50 60 50 71 
50 72 50 83 
50 84 50 95 
50 96 50 107 
50 109 50 120 
50 121 50 132 
50 133 50 144 
50 145 50 156 
50 157 50 168 
50 169 50 180 
50 181 50 192 
50 193 50 204 
51 0 51 11 
51 12 51 23 
51 24 51 35 
51 36 51 47 
51 48 51 59 
51 61 51 72 
51 73 51 84 
51 85 51 96 
51 97 51 108 
51 109 51 120 
51 121 51 132 
51 133 51 144 
51 145 51 156 
51 157 51 168 
51 169 51 180 
51 181 51 192 
51 193 51 204 
52 0 52 11 
52 12 52 23 
52 24 52 35 
52 50 52 61 
52 62 52 73 
52 74 52 85 
52 86 52 97 
52 98 52 109 
52 110 52 121 
52 122 52 133 
52 135 52 146 
52 147 52 158 
52 159 52 170 
52 189 52 200 
53 0 53 11 
53 12 53 23 
53 24 53 35 
53 36 53 47 
53 49 53 60 
53 61 53 72 
53 73 53 84 
53 85 53 96 
53 97 53 108 
53 109 53 120 
53 121 53 132 
53 133 53 144 
53 145 53 156 
53 157 53 168 
53 169 53 180 
54 0 54 11 
54 12 54 23 
54 24 54 35 
54 36 54 47 
54 48 54 59 
54 62 54 73 
54 74 54 85 
54 86 54 97 
54 98 54 109 
54 110 54 121 
54 122 54 133 
54 134 54 145 
54 146 54 157 
54 158 54 169 
54 170 54 181 
54 182 54 193 
55 0 55 11 
55 12 55 23 
55 24 55 35 
55 36 55 47 
55 48 55 59 
55 61 55 72 
55 93 55 104 
55 119 55 130 
55 131 55 142 
55 143 55 154 
55 155 55 166 
55 167 55 178 
55 179 55 190 
55 191 55 202 
56 0 56 11 
56 12 56 23 
56 28 56 39 
56 40 56 51 
56 52 56 63 
56 64 56 75 
56 76 56 87 
56 88 56 99 
56 100 56 111 
56 112 56 123 
56 124 56 135 
56 136 56 147 
56 148 56 159 
56 160 56 171 
56 173 56 184 
56 185 56 196 
57 0 57 11 
57 13 57 24 
57 25 57 36 
57 37 57 48 
57 49 57 60 
57 61 57 72 
57 73 57 84 
57 85 57 96 
57 112 57 123 
57 125 57 136 
57 150 57 161 
57 162 57 173 
57 174 57 185 
57 186 57 197 
58 0 58 11 
58 12 58 23 
58 24 58 35 
58 36 58 47 
58 48 58 59 
58 60 58 71 
58 72 58 83 
58 84 58 95 
58 96 58 107 
58 108 58 119 
58 120 58 131 
58 136 58 147 
58 148 58 159 
58 160 58 171 
58 172 58 183 
58 184 58 195 
59 0 59 11 
59 12 59 23 
59 24 59 35 
59 36 59 47 
59 48 59 59 
59 60 59 71 
59 72 59 83 
59 84 59 95 
59 96 59 107 
59 108 59 119 
59 121 59 132 
59 133 59 144 
59 145 59 156 
59 158 59 169 
59 170 59 181 
59 182 59 193 
60 15 60 26 
60 27 60 38 
60 39 60 50 
60 51 60 62 
60 63 60 74 
60 75 60 86 
60 105 60 116 
60 118 60 129 
60 130 60 141 
60 142 60 153 
60 154 60 165 
60 166 60 177 
61 0 61 11 
61 12 61 23 
61 37 61 48 
61 49 61 60 
61 61 61 72 
61 73 61 84 
61 85 61 96 
61 97 61 108 
61 125 61 136 
61 137 61 148 
61 149 61 160 
61 161 61 172 
61 173 61 184 
61 185 61 196 
62 0 62 11 
62 12 62 23 
62 24 62 35 
62 36 62 47 
62 48 62 59 
62 60 62 71 
62 77 62 88 
62 89 62 100 
62 101 62 112 
62 113 62 124 
62 131 62 142 
62 143 62 154 
62 155 62 166 
62 181 62 192 
62 195 62 206 
63 3 63 14 
63 16 63 27 
63 28 63 39 
63 40 63 51 
63 52 63 63 
63 66 63 77 
63 94 63 105 
63 106 63 117 
63 118 63 129 
63 130 63 141 
63 142 63 153 
63 154 63 165 
63 166 63 177 
63 181 63 192 
64 0 64 11 
64 12 64 23 
64 27 64 38 
64 39 64 50 
64 51 64 62 
64 95 64 106 
64 107 64 118 
64 119 64 130 
64 131 64 142 
64 143 64 154 
64 156 64 167 
64 169 64 180 
65 0 65 11 
65 29 65 40 
65 41 65 52 
65 53 65 64 
65 65 65 76 
65 77 65 88 
65 89 65 100 
65 101 65 112 
65 113 65 124 
65 125 65 136 
65 137 65 148 
65 149 65 160 
65 161 65 172 
65 173 65 184 
65 185 65 196 
66 0 66 11 
66 12 66 23 
66 24 66 35 
66 36 66 47 
66 51 66 62 
66 63 66 74 
66 75 66 86 
66 89 66 100 
66 101 66 112 
66 113 66 124 
66 125 66 136 
66 137 66 148 
66 149 66 160 
66 161 66 172 
66 173 66 184 
66 185 66 196 
67 0 67 11 
67 12 67 23 
67 24 67 35 
67 36 67 47 
67 48 67 59 
67 60 67 71 
67 72 67 83 
67 84 67 95 
67 96 67 107 
67 108 67 119 
67 120 67 131 
67 132 67 143 
67 144 67 155 
67 156 67 167 
67 168 67 179 
67 181 67 192 
67 193 67 204 
68 0 68 11 
68 12 68 23 
68 24 68 35 
68 37 68 48 
68 49 68 60 
68 61 68 72 
68 73 68 84 
68 86 68 97 
68 98 68 109 
68 110 68 121 
68 122 68 133 
68 134 68 145 
68 146 68 157 
68 158 68 169 
68 183 68 194 
69 0 69 11 
69 12 69 23 
69 24 69 35 
69 36 69 47 
69 48 69 59 
69 60 69 71 
69 72 69 83 
69 84 69 95 
69 98 69 109 
69 124 69 135 
69 136 69 147 
69 148 69 159 
69 160 69 171 
69 172 69 183 
69 184 69 195 
70 0 70 11 
70 12 70 23 
70 24 70 35 
70 36 70 47 
70 48 70 59 
70 60 70 71 
70 72 70 83 
70 84 70 95 
70 96 70 107 
70 108 70 119 
70 120 70 131 
70 132 70 143 
70 144 70 155 
70 170 70 181 
70 182 70 193 
71 0 71 11 
71 12 71 23 
71 24 71 35 
71 36 71 47 
71 48 71 59 
71 60 71 71 
71 72 71 83 
71 84 71 95 
71 96 71 107 
71 108 71 119 
71 120 71 131 
71 132 71 143 
71 144 71 155 
71 156 71 167 
71 168 71 179 
71 180 71 191 
71 192 71 203 
72 0 72 11 
72 12 72 23 
72 24 72 35 
72 50 72 61 
72 62 72 73 
72 74 72 85 
72 86 72 97 
72 98 72 109 
72 110 72 121 
72 122 72 133 
72 134 72 145 
72 151 72 162 
72 163 72 174 
72 175 72 186 
72 187 72 198 
73 0 73 11 
73 12 73 23 
73 24 73 35 
73 38 73 49 
73 50 73 61 
73 80 73 91 
73 93 73 104 
73 105 73 116 
73 117 73 128 
73 129 73 140 
73 141 73 152 
73 173 73 184 
73 185 73 196 
74 0 74 11 
74 12 74 23 
74 24 74 35 
74 36 74 47 
74 48 74 59 
74 60 74 71 
74 72 74 83 
74 84 74 95 
74 96 74 107 
74 108 74 119 
74 120 74 131 
74 132 74 143 
74 144 74 155 
74 156 74 167 
74 168 74 179 
74 180 74 191 
74 192 74 203 
75 0 75 11 
75 12 75 23 
75 24 75 35 
75 37 75 48 
75 49 75 60 
75 63 75 74 
75 75 75 86 
75 118 75 129 
75 130 75 141 
75 142 75 153 
75 155 75 166 
75 167 75 178 
75 179 75 190 
75 191 75 202 
76 0 76 11 
76 12 76 23 
76 24 76 35 
76 36 76 47 
76 50 76 61 
76 62 76 73 
76 74 76 85 
76 86 76 97 
76 98 76 109 
76 110 76 121 
76 122 76 133 
76 134 76 145 
76 146 76 157 
76 158 76 169 
76 171 76 182 
76 183 76 194 
77 0 77 11 
77 12 77 23 
77 24 77 35 
77 36 77 47 
77 48 77 59 
77 60 77 71 
77 72 77 83 
77 84 77 95 
77 123 77 134 
77 152 77 163 
77 164 77 175 
77 176 77 187 
77 189 77 200 
78 0 78 11 
78 12 78 23 
78 24 78 35 
78 36 78 47 
78 48 78 59 
78 60 78 71 
78 72 78 83 
78 84 78 95 
78 96 78 107 
78 109 78 120 
78 121 78 132 
78 133 78 144 
78 151 78 162 
78 163 78 174 
78 175 78 186 
78 187 78 198 
79 0 79 11 
79 12 79 23 
79 24 79 35 
79 36 79 47 
79 48 79 59 
79 60 79 71 
79 74 79 85 
79 86 79 97 
79 98 79 109 
79 110 79 121 
79 122 79 133 
79 134 79 145 
79 146 79 157 
79 158 79 169 
79 173 79 184 
79 185 79 196 
80 0 80 11 
80 12 80 23 
80 24 80 35 
80 36 80 47 
80 48 80 59 
80 76 80 87 
80 88 80 99 
80 100 80 111 
80 114 80 125 
80 126 80 137 
80 138 80 149 
80 150 80 161 
80 162 80 173 
80 174 80 185 
80 186 80 197 
81 0 81 11 
81 12 81 23 
81 24 81 35 
81 36 81 47 
81 48 81 59 
81 60 81 71 
81 73 81 84 
81 85 81 96 
81 97 81 108 
81 109 81 120 
81 121 81 132 
81 133 81 144 
81 161 81 172 
81 173 81 184 
81 185 81 196 
82 0 82 11 
82 12 82 23 
82 24 82 35 
82 36 82 47 
82 48 82 59 
82 60 82 71 
82 72 82 83 
82 84 82 95 
82 96 82 107 
82 108 82 119 
82 120 82 131 
82 132 82 143 
82 144 82 155 
82 156 82 167 
82 168 82 179 
82 180 82 191 
82 192 82 203 
83 0 83 11 
83 12 83 23 
83 24 83 35 
83 36 83 47 
83 48 83 59 
83 60 83 71 
83 72 83 83 
83 84 83 95 
83 96 83 107 
83 108 83 119 
83 120 83 131 
83 132 83 143 
83 144 83 155 
83 169 83 180 
83 181 83 192 
83 193 83 204 
84 0 84 11 
84 12 84 23 
84 41 84 52 
84 71 84 82 
84 83 84 94 
84 95 84 106 
84 107 84 118 
84 119 84 130 
84 131 84 142 
84 143 84 154 
84 155 84 166 
84 167 84 178 
84 179 84 190 
85 18 85 29 
85 30 85 41 
85 42 85 53 
85 54 85 65 
85 66 85 77 
85 78 85 89 
85 90 85 101 
85 102 85 113 
85 121 85 132 
85 133 85 144 
85 145 85 156 
85 157 85 168 
85 169 85 180 
85 181 85 192 
85 193 85 204 
86 0 86 11 
86 12 86 23 
86 24 86 35 
86 36 86 47 
86 48 86 59 
86 76 86 87 
86 88 86 99 
86 100 86 111 
86 113 86 124 
86 125 86 136 
86 137 86 148 
86 163 86 174 
86 175 86 186 
86 188 86 199 
87 0 87 11 
87 15 87 26 
87 27 87 38 
87 39 87 50 
87 51 87 62 
87 63 87 74 
87 75 87 86 
87 87 87 98 
87 99 87 110 
87 111 87 122 
87 123 87 134 
87 135 87 146 
87 147 87 158 
87 159 87 170 
87 171 87 182 
87 184 87 195 
88 0 88 11 
88 12 88 23 
88 26 88 37 
88 38 88 49 
88 51 88 62 
88 63 88 74 
88 75 88 86 
88 87 88 98 
88 99 88 110 
88 111 88 122 
88 123 88 134 
88 135 88 146 
88 147 88 158 
88 159 88 170 
88 171 88 182 
88 183 88 194 
89 0 89 11 
89 16 89 27 
89 43 89 54 
89 55 89 66 
89 67 89 78 
89 79 89 90 
89 91 89 102 
89 103 89 114 
89 115 89 126 
89 141 89 152 
89 153 89 164 
89 165 89 176 
89 177 89 188 
89 189 89 200 
90 0 90 11 
90 15 90 26 
90 27 90 38 
90 39 90 50 
90 51 90 62 
90 63 90 74 
90 75 90 86 
90 87 90 98 
90 99 90 110 
90 111 90 122 
90 123 90 134 
90 135 90 146 
90 147 90 158 
90 159 90 170 
90 171 90 182 
90 183 90 194 
91 0 91 11 
91 12 91 23 
91 24 91 35 
91 36 91 47 
91 48 91 59 
91 60 91 71 
91 72 91 83 
91 85 91 96 
91 97 91 108 
91 109 91 120 
91 121 91 132 
91 133 91 144 
91 159 91 170 
91 171 91 182 
91 186 91 197 
92 0 92 11 
92 12 92 23 
92 24 92 35 
92 36 92 47 
92 48 92 59 
92 60 92 71 
92 72 92 83 
92 84 92 95 
92 96 92 107 
92 110 92 121 
92 122 92 133 
92 134 92 145 
92 146 92 157 
92 158 92 169 
92 170 92 181 
92 182 92 193 
93 0 93 11 
93 12 93 23 
93 24 93 35 
93 36 93 47 
93 48 93 59 
93 60 93 71 
93 86 93 97 
93 98 93 109 
93 110 93 121 
93 122 93 133 
93 134 93 145 
93 146 93 157 
93 158 93 169 
93 170 93 181 
93 183 93 194 
94 0 94 11 
94 12 94 23 
94 39 94 50 
94 51 94 62 
94 63 94 74 
94 75 94 86 
94 87 94 98 
94 99 94 110 
94 111 94 122 
94 123 94 134 
94 135 94 146 
94 147 94 158 
94 159 94 170 
94 171 94 182 
94 183 94 194 
95 0 95 11 
95 12 95 23 
95 24 95 35 
95 36 95 47 
95 48 95 59 
95 60 95 71 
95 72 95 83 
95 84 95 95 
95 98 95 109 
95 110 95 121 
95 122 95 133 
95 134 95 145 
95 146 95 157 
95 158 95 169 
95 170 95 181 
96 0 96 11 
96 12 96 23 
96 24 96 35 
96 37 96 48 
96 49 96 60 
96 78 96 89 
96 90 96 101 
96 102 96 113 
96 114 96 125 
96 126 96 137 
96 138 96 149 
96 150 96 161 
96 162 96 173 
96 174 96 185 
96 186 96 197 
97 45 97 56 
97 57 97 68 
97 69 97 80 
97 81 97 92 
97 94 97 105 
97 122 97 133 
97 134 97 145 
97 146 97 157 
97 158 97 169 
97 170 97 181 
97 182 97 193 
98 0 98 11 
98 12 98 23 
98 24 98 35 
98 36 98 47 
98 48 98 59 
98 60 98 71 
98 72 98 83 
98 84 98 95 
98 96 98 107 
98 122 98 133 
98 134 98 145 
98 146 98 157 
98 158 98 169 
98 170 98 181 
98 182 98 193 
99 0 99 11 
99 12 99 23 
99 24 99 35 
99 36 99 47 
99 48 99 59 
99 60 99 71 
99 73 99 84 
99 85 99 96 
99 97 99 108 
99 110 99 121 
99 123 99 134 
99 135 99 146 
99 147 99 158 
99 159 99 170 
99 171 99 182 
99 188 99 199 
100 0 100 11 
100 12 100 23 
100 24 100 35 
100 36 100 47 
100 48 100 59 
100 60 100 71 
100 72 100 83 
100 84 100 95 
100 96 100 107 
100 108 100 119 
100 120 100 131 
100 132 100 143 
100 144 100 155 
100 156 100 167 
100 168 100 179 
100 180 100 191 
100 192 100 203 
101 0 101 11 
101 12 101 23 
101 24 101 35 
101 36 101 47 
101 48 101 59 
101 60 101 71 
101 72 101 83 
101 85 101 96 
101 97 101 108 
101 109 101 120 
101 121 101 132 
101 133 101 144 
101 161 101 172 
101 173 101 184 
101 186 101 197 
102 0 102 11 
102 12 102 23 
102 38 102 49 
102 50 102 61 
102 75 102 86 
102 87 102 98 
102 116 102 127 
102 128 102 139 
102 140 102 151 
102 152 102 163 
102 164 102 175 
102 176 102 187 
102 188 102 199 
103 0 103 11 
103 12 103 23 
103 24 103 35 
103 36 103 47 
103 48 103 59 
103 60 103 71 
103 72 103 83 
103 84 103 95 
103 96 103 107 
103 124 103 135 
103 136 103 147 
103 148 103 159 
103 160 103 171 
103 172 103 183 
104 16 104 27 
104 28 104 39 
104 40 104 51 
104 52 104 63 
104 79 104 90 
104 91 104 102 
104 103 104 114 
104 115 104 126 
104 127 104 138 
104 139 104 150 
104 151 104 162 
104 163 104 174 
104 175 104 186 
104 187 104 198 
105 0 105 11 
105 12 105 23 
105 24 105 35 
105 36 105 47 
105 48 105 59 
105 60 105 71 
105 73 105 84 
105 85 105 96 
105 97 105 108 
105 109 105 120 
105 121 105 132 
105 133 105 144 
105 145 105 156 
105 157 105 168 
105 169 105 180 
105 181 105 192 
105 193 105 204 
106 0 106 11 
106 12 106 23 
106 24 106 35 
106 36 106 47 
106 48 106 59 
106 61 106 72 
106 73 106 84 
106 85 106 96 
106 97 106 108 
106 109 106 120 
106 121 106 132 
106 133 106 144 
106 145 106 156 
106 178 106 189 
106 190 106 201 
107 0 107 11 
107 12 107 23 
107 24 107 35 
107 36 107 47 
107 48 107 59 
107 60 107 71 
107 72 107 83 
107 84 107 95 
107 96 107 107 
107 108 107 119 
107 120 107 131 
107 132 107 143 
107 144 107 155 
107 157 107 168 
107 169 107 180 
107 181 107 192 
107 194 107 205 
108 0 108 11 
108 12 108 23 
108 45 108 56 
108 58 108 69 
108 70 108 81 
108 82 108 93 
108 94 108 105 
108 106 108 117 
108 118 108 129 
108 133 108 144 
108 145 108 156 
108 157 108 168 
108 169 108 180 
108 181 108 192 
108 193 108 204 
109 0 109 11 
109 12 109 23 
109 24 109 35 
109 36 109 47 
109 48 109 59 
109 60 109 71 
109 72 109 83 
109 84 109 95 
109 96 109 107 
109 108 109 119 
109 120 109 131 
109 133 109 144 
109 145 109 156 
109 157 109 168 
109 169 109 180 
109 181 109 192 
110 0 110 11 
110 12 110 23 
110 24 110 35 
110 36 110 47 
110 48 110 59 
110 88 110 99 
110 115 110 126 
110 127 110 138 
110 153 110 164 
110 165 110 176 
110 177 110 188 
110 189 110 200 
111 17 111 28 
111 31 111 42 
111 43 111 54 
111 55 111 66 
111 67 111 78 
111 79 111 90 
111 91 111 102 
111 103 111 114 
111 115 111 126 
111 127 111 138 
111 139 111 150 
111 169 111 180 
111 181 111 192 
111 193 111 204 
112 0 112 11 
112 29 112 40 
112 41 112 52 
112 53 112 64 
112 65 112 76 
112 77 112 88 
112 89 112 100 
112 101 112 112 
112 113 112 124 
112 125 112 136 
112 137 112 148 
112 149 112 160 
112 161 112 172 
112 173 112 184 
112 185 112 196 
113 0 113 11 
113 13 113 24 
113 25 113 36 
113 44 113 55 
113 56 113 67 
113 68 113 79 
113 80 113 91 
113 92 113 103 
113 117 113 128 
113 129 113 140 
113 141 113 152 
113 154 113 165 
113 166 113 177 
113 178 113 189 
114 0 114 11 
114 12 114 23 
114 24 114 35 
114 36 114 47 
114 48 114 59 
114 60 114 71 
114 72 114 83 
114 84 114 95 
114 96 114 107 
114 108 114 119 
114 120 114 131 
114 132 114 143 
114 144 114 155 
114 156 114 167 
114 168 114 179 
114 180 114 191 
114 192 114 203 
115 0 115 11 
115 12 115 23 
115 24 115 35 
115 36 115 47 
115 48 115 59 
115 60 115 71 
115 87 115 98 
115 99 115 110 
115 111 115 122 
115 123 115 134 
115 135 115 146 
115 147 115 158 
115 178 115 189 
115 190 115 201 
116 32 116 43 
116 44 116 55 
116 56 116 67 
116 68 116 79 
116 80 116 91 
116 92 116 103 
116 104 116 115 
116 116 116 127 
116 128 116 139 
116 140 116 151 
116 152 116 163 
116 164 116 175 
116 176 116 187 
116 188 116 199 
117 0 117 11 
117 12 117 23 
117 25 117 36 
117 37 117 48 
117 49 117 60 
117 61 117 72 
117 73 117 84 
117 100 117 111 
117 112 117 123 
117 124 117 135 
117 136 117 147 
117 148 117 159 
117 160 117 171 
117 172 117 183 
117 184 117 195 
118 0 118 11 
118 12 118 23 
118 24 118 35 
118 40 118 51 
118 52 118 63 
118 64 118 75 
118 76 118 87 
118 104 118 115 
118 116 118 127 
118 128 118 139 
118 140 118 151 
118 152 118 163 
118 164 118 175 
118 176 118 187 
118 188 118 199 
119 2 119 13 
119 14 119 25 
119 26 119 37 
119 38 119 49 
119 63 119 74 
119 75 119 86 
119 87 119 98 
119 99 119 110 
119 116 119 127 
119 142 119 153 
119 159 119 170 
119 172 119 183 
119 184 119 195 
120 0 120 11 
120 12 120 23 
120 24 120 35 
120 36 120 47 
120 48 120 59 
120 60 120 71 
120 72 120 83 
120 84 120 95 
120 96 120 107 
120 121 120 132 
120 133 120 144 
120 174 120 185 
120 186 120 197 
121 0 121 11 
121 12 121 23 
121 37 121 48 
121 50 121 61 
121 62 121 73 
121 88 121 99 
121 100 121 111 
121 112 121 123 
121 124 121 135 
121 136 121 147 
121 148 121 159 
121 175 121 186 
121 188 121 199 
122 16 122 27 
122 28 122 39 
122 41 122 52 
122 53 122 64 
122 65 122 76 
122 77 122 88 
122 89 122 100 
122 101 122 112 
122 113 122 124 
122 125 122 136 
122 137 122 148 
122 149 122 160 
122 161 122 172 
122 173 122 184 
122 185 122 196 
123 3 123 14 
123 15 123 26 
123 27 123 38 
123 39 123 50 
123 51 123 62 
123 63 123 74 
123 90 123 101 
123 102 123 113 
123 114 123 125 
123 126 123 137 
123 138 123 149 
123 150 123 161 
123 162 123 173 
123 174 123 185 
123 186 123 197 
124 0 124 11 
124 27 124 38 
124 40 124 51 
124 52 124 63 
124 64 124 75 
124 92 124 103 
124 104 124 115 
124 116 124 127 
124 128 124 139 
124 140 124 151 
124 152 124 163 
124 164 124 175 
124 176 124 187 
124 188 124 199 
125 0 125 11 
125 12 125 23 
125 24 125 35 
125 36 125 47 
125 72 125 83 
125 98 125 109 
125 110 125 121 
125 122 125 133 
125 134 125 145 
125 146 125 157 
125 158 125 169 
125 186 125 197 
126 1 126 12 
126 13 126 24 
126 27 126 38 
126 39 126 50 
126 51 126 62 
126 63 126 74 
126 75 126 86 
126 87 126 98 
126 99 126 110 
126 111 126 122 
126 126 126 137 
126 138 126 149 
126 150 126 161 
126 162 126 173 
126 176 126 187 
126 188 126 199 
127 0 127 11 
127 12 127 23 
127 24 127 35 
127 37 127 48 
127 49 127 60 
127 61 127 72 
127 73 127 84 
127 101 127 112 
127 113 127 124 
127 125 127 136 
127 137 127 148 
127 149 127 160 
127 161 127 172 
127 173 127 184 
127 185 127 196 
128 0 128 11 
128 12 128 23 
128 24 128 35 
128 36 128 47 
128 48 128 59 
128 60 128 71 
128 72 128 83 
128 84 128 95 
128 96 128 107 
128 108 128 119 
128 133 128 144 
128 145 128 156 
128 157 128 168 
128 169 128 180 
128 181 128 192 
128 193 128 204 
129 1 129 12 
129 15 129 26 
129 27 129 38 
129 39 129 50 
129 51 129 62 
129 63 129 74 
129 92 129 103 
129 104 129 115 
129 116 129 127 
129 147 129 158 
129 159 129 170 
129 171 129 182 
129 183 129 194 
130 0 130 11 
130 29 130 40 
130 41 130 52 
130 53 130 64 
130 93 130 104 
130 105 130 116 
130 117 130 128 
130 143 130 154 
130 156 130 167 
130 182 130 193 
131 0 131 11 
131 13 131 24 
131 25 131 36 
131 37 131 48 
131 49 131 60 
131 61 131 72 
131 73 131 84 
131 85 131 96 
131 97 131 108 
131 109 131 120 
131 135 131 146 
131 147 131 158 
131 159 131 170 
131 171 131 182 
131 185 131 196 
132 0 132 11 
132 27 132 38 
132 39 132 50 
132 51 132 62 
132 63 132 74 
132 75 132 86 
132 87 132 98 
132 99 132 110 
132 111 132 122 
132 137 132 148 
132 149 132 160 
132 180 132 191 
132 192 132 203 
133 14 133 25 
133 26 133 37 
133 38 133 49 
133 50 133 61 
133 62 133 73 
133 109 133 120 
133 121 133 132 
133 133 133 144 
133 145 133 156 
133 157 133 168 
133 169 133 180 
133 181 133 192 
133 193 133 204 
134 28 134 39 
134 40 134 51 
134 52 134 63 
134 64 134 75 
134 76 134 87 
134 88 134 99 
134 100 134 111 
134 112 134 123 
134 149 134 160 
134 161 134 172 
134 173 134 184 
134 185 134 196 
135 0 135 11 
135 12 135 23 
135 24 135 35 
135 37 135 48 
135 49 135 60 
135 61 135 72 
135 73 135 84 
135 87 135 98 
135 99 135 110 
135 111 135 122 
135 142 135 153 
135 154 135 165 
135 166 135 177 
135 178 135 189 
135 190 135 201 
136 0 136 11 
136 18 136 29 
136 31 136 42 
136 44 136 55 
136 56 136 67 
136 68 136 79 
136 80 136 91 
136 92 136 103 
136 105 136 116 
136 119 136 130 
136 131 136 142 
136 143 136 154 
136 155 136 166 
136 167 136 178 
136 179 136 190 
136 191 136 202 
137 0 137 11 
137 12 137 23 
137 24 137 35 
137 36 137 47 
137 48 137 59 
137 60 137 71 
137 72 137 83 
137 99 137 110 
137 132 137 143 
137 144 137 155 
137 156 137 167 
137 168 137 179 
137 180 137 191 
137 192 137 203 
138 0 138 11 
138 12 138 23 
138 38 138 49 
138 50 138 61 
138 62 138 73 
138 74 138 85 
138 86 138 97 
138 98 138 109 
138 110 138 121 
138 122 138 133 
138 134 138 145 
138 150 138 161 
138 162 138 173 
138 174 138 185 
139 0 139 11 
139 12 139 23 
139 24 139 35 
139 36 139 47 
139 48 139 59 
139 61 139 72 
139 73 139 84 
139 107 139 118 
139 119 139 130 
139 131 139 142 
139 143 139 154 
139 156 139 167 
139 168 139 179 
139 180 139 191 
139 192 139 203 
140 0 140 11 
140 12 140 23 
140 24 140 35 
140 36 140 47 
140 56 140 67 
140 68 140 79 
140 80 140 91 
140 92 140 103 
140 104 140 115 
140 116 140 127 
140 128 140 139 
140 155 140 166 
140 167 140 178 
140 179 140 190 
140 192 140 203 
141 0 141 11 
141 12 141 23 
141 24 141 35 
141 36 141 47 
141 48 141 59 
141 60 141 71 
141 72 141 83 
141 84 141 95 
141 96 141 107 
141 108 141 119 
141 120 141 131 
141 132 141 143 
141 144 141 155 
141 156 141 167 
141 168 141 179 
141 180 141 191 
141 192 141 203 
142 0 142 11 
142 12 142 23 
142 24 142 35 
142 36 142 47 
142 52 142 63 
142 79 142 90 
142 91 142 102 
142 103 142 114 
142 115 142 126 
142 127 142 138 
142 139 142 150 
142 151 142 162 
142 163 142 174 
142 175 142 186 
142 187 142 198 
143 0 143 11 
143 12 143 23 
143 24 143 35 
143 36 143 47 
143 48 143 59 
143 77 143 88 
143 89 143 100 
143 101 143 112 
143 113 143 124 
143 125 143 136 
143 137 143 148 
143 149 143 160 
143 161 143 172 
143 173 143 184 
143 185 143 196 
144 0 144 11 
144 12 144 23 
144 24 144 35 
144 36 144 47 
144 51 144 62 
144 63 144 74 
144 75 144 86 
144 87 144 98 
144 105 144 116 
144 117 144 128 
144 129 144 140 
144 141 144 152 
144 153 144 164 
144 165 144 176 
144 178 144 189 
144 190 144 201 
145 0 145 11 
145 25 145 36 
145 37 145 48 
145 49 145 60 
145 63 145 74 
145 75 145 86 
145 87 145 98 
145 99 145 110 
145 126 145 137 
145 138 145 149 
145 170 145 181 
145 182 145 193 
146 0 146 11 
146 12 146 23 
146 24 146 35 
146 36 146 47 
146 48 146 59 
146 60 146 71 
146 72 146 83 
146 84 146 95 
146 110 146 121 
146 122 146 133 
146 134 146 145 
146 146 146 157 
146 158 146 169 
146 170 146 181 
146 182 146 193 
147 0 147 11 
147 27 147 38 
147 39 147 50 
147 51 147 62 
147 63 147 74 
147 92 147 103 
147 104 147 115 
147 116 147 127 
147 128 147 139 
147 141 147 152 
147 153 147 164 
147 165 147 176 
147 177 147 188 
147 189 147 200 
148 0 148 11 
148 12 148 23 
148 24 148 35 
148 36 148 47 
148 48 148 59 
148 60 148 71 
148 73 148 84 
148 101 148 112 
148 113 148 124 
148 125 148 136 
148 137 148 148 
148 149 148 160 
148 161 148 172 
148 173 148 184 
148 185 148 196 
149 0 149 11 
149 27 149 38 
149 41 149 52 
149 55 149 66 
149 67 149 78 
149 79 149 90 
149 91 149 102 
149 103 149 114 
149 115 149 126 
149 142 149 153 
149 154 149 165 
149 166 149 177 
149 178 149 189 
149 190 149 201 
150 1 150 12 
150 13 150 24 
150 25 150 36 
150 37 150 48 
150 49 150 60 
150 63 150 74 
150 76 150 87 
150 88 150 99 
150 100 150 111 
150 114 150 125 
150 126 150 137 
150 138 150 149 
150 150 150 161 
150 178 150 189 
150 190 150 201 
151 0 151 11 
151 13 151 24 
151 25 151 36 
151 37 151 48 
151 49 151 60 
151 61 151 72 
151 73 151 84 
151 87 151 98 
151 99 151 110 
151 111 151 122 
151 123 151 134 
151 135 151 146 
151 147 151 158 
151 159 151 170 
151 186 151 197 
152 0 152 11 
152 12 152 23 
152 24 152 35 
152 38 152 49 
152 50 152 61 
152 62 152 73 
152 74 152 85 
152 86 152 97 
152 100 152 111 
152 112 152 123 
152 124 152 135 
152 136 152 147 
152 163 152 174 
152 175 152 186 
152 187 152 198 
153 0 153 11 
153 12 153 23 
153 24 153 35 
153 36 153 47 
153 48 153 59 
153 60 153 71 
153 88 153 99 
153 100 153 111 
153 112 153 123 
153 124 153 135 
153 137 153 148 
153 149 153 160 
153 161 153 172 
153 175 153 186 
153 187 153 198 
154 0 154 11 
154 13 154 24 
154 42 154 53 
154 54 154 65 
154 66 154 77 
154 78 154 89 
154 90 154 101 
154 102 154 113 
154 114 154 125 
154 126 154 137 
154 138 154 149 
154 150 154 161 
154 162 154 173 
154 174 154 185 
155 13 155 24 
155 25 155 36 
155 37 155 48 
155 49 155 60 
155 61 155 72 
155 73 155 84 
155 85 155 96 
155 97 155 108 
155 109 155 120 
155 121 155 132 
155 133 155 144 
155 145 155 156 
155 157 155 168 
155 169 155 180 
155 181 155 192 
155 193 155 204 
156 5 156 16 
156 17 156 28 
156 29 156 40 
156 41 156 52 
156 53 156 64 
156 65 156 76 
156 77 156 88 
156 89 156 100 
156 101 156 112 
156 113 156 124 
156 125 156 136 
156 137 156 148 
156 149 156 160 
156 161 156 172 
156 173 156 184 
156 185 156 196 
157 0 157 11 
157 12 157 23 
157 24 157 35 
157 36 157 47 
157 48 157 59 
157 60 157 71 
157 85 157 96 
157 97 157 108 
157 109 157 120 
157 123 157 134 
157 135 157 146 
157 147 157 158 
157 159 157 170 
157 171 157 182 
157 183 157 194 
158 0 158 11 
158 12 158 23 
158 24 158 35 
158 36 158 47 
158 48 158 59 
158 78 158 89 
158 90 158 101 
158 102 158 113 
158 114 158 125 
158 126 158 137 
158 138 158 149 
158 150 158 161 
158 162 158 173 
158 174 158 185 
158 186 158 197 
159 1 159 12 
159 13 159 24 
159 25 159 36 
159 37 159 48 
159 51 159 62 
159 63 159 74 
159 75 159 86 
159 87 159 98 
159 99 159 110 
159 111 159 122 
159 123 159 134 
159 135 159 146 
159 148 159 159 
159 160 159 171 
159 172 159 183 
160 0 160 11 
160 25 160 36 
160 37 160 48 
160 49 160 60 
160 61 160 72 
160 73 160 84 
160 85 160 96 
160 97 160 108 
160 109 160 120 
160 121 160 132 
160 133 160 144 
160 145 160 156 
160 157 160 168 
160 169 160 180 
160 181 160 192 
160 193 160 204 
161 0 161 11 
161 12 161 23 
161 24 161 35 
161 36 161 47 
161 48 161 59 
161 60 161 71 
161 86 161 97 
161 98 161 109 
161 110 161 121 
161 122 161 133 
161 134 161 145 
161 146 161 157 
161 158 161 169 
161 170 161 181 
161 182 161 193 
162 0 162 11 
162 12 162 23 
162 24 162 35 
162 36 162 47 
162 48 162 59 
162 60 162 71 
162 72 162 83 
162 84 162 95 
162 96 162 107 
162 108 162 119 
162 121 162 132 
162 133 162 144 
162 145 162 156 
162 157 162 168 
162 169 162 180 
162 181 162 192 
162 193 162 204 
163 0 163 11 
163 12 163 23 
163 25 163 36 
163 37 163 48 
163 53 163 64 
163 65 163 76 
163 77 163 88 
163 89 163 100 
163 101 163 112 
163 113 163 124 
163 125 163 136 
163 137 163 148 
163 149 163 160 
163 161 163 172 
163 173 163 184 
163 185 163 196 
164 1 164 12 
164 13 164 24 
164 25 164 36 
164 37 164 48 
164 49 164 60 
164 75 164 86 
164 87 164 98 
164 99 164 110 
164 111 164 122 
164 123 164 134 
164 135 164 146 
164 147 164 158 
164 159 164 170 
164 171 164 182 
164 183 164 194 
165 0 165 11 
165 12 165 23 
165 24 165 35 
165 36 165 47 
165 48 165 59 
165 60 165 71 
165 72 165 83 
165 102 165 113 
165 114 165 125 
165 126 165 137 
165 138 165 149 
165 150 165 161 
165 163 165 174 
165 190 165 201 
166 0 166 11 
166 12 166 23 
166 24 166 35 
166 51 166 62 
166 63 166 74 
166 90 166 101 
166 102 166 113 
166 133 166 144 
166 145 166 156 
166 157 166 168 
166 169 166 180 
166 181 166 192 
166 193 166 204 
167 3 167 14 
167 15 167 26 
167 27 167 38 
167 39 167 50 
167 51 167 62 
167 63 167 74 
167 75 167 86 
167 87 167 98 
167 99 167 110 
167 111 167 122 
167 123 167 134 
167 135 167 146 
167 147 167 158 
167 159 167 170 
167 171 167 182 
167 183 167 194 
168 0 168 11 
168 12 168 23 
168 24 168 35 
168 36 168 47 
168 50 168 61 
168 62 168 73 
168 74 168 85 
168 86 168 97 
168 98 168 109 
168 110 168 121 
168 122 168 133 
168 134 168 145 
168 146 168 157 
168 158 168 169 
168 170 168 181 
168 182 168 193 
169 0 169 11 
169 12 169 23 
169 24 169 35 
169 36 169 47 
169 49 169 60 
169 61 169 72 
169 73 169 84 
169 89 169 100 
169 101 169 112 
169 113 169 124 
169 125 169 136 
169 137 169 148 
169 149 169 160 
169 161 169 172 
169 173 169 184 
169 185 169 196 
170 0 170 11 
170 12 170 23 
170 24 170 35 
170 49 170 60 
170 61 170 72 
170 73 170 84 
170 85 170 96 
170 97 170 108 
170 109 170 120 
170 121 170 132 
170 133 170 144 
170 145 170 156 
170 157 170 168 
170 169 170 180 
170 181 170 192 
170 196 170 207 
171 0 171 11 
171 12 171 23 
171 24 171 35 
171 36 171 47 
171 48 171 59 
171 60 171 71 
171 72 171 83 
171 84 171 95 
171 96 171 107 
171 108 171 119 
171 120 171 131 
171 132 171 143 
171 144 171 155 
171 156 171 167 
171 168 171 179 
171 180 171 191 
171 192 171 203 
172 0 172 11 
172 12 172 23 
172 24 172 35 
172 36 172 47 
172 48 172 59 
172 60 172 71 
172 72 172 83 
172 85 172 96 
172 97 172 108 
172 109 172 120 
172 121 172 132 
172 133 172 144 
172 145 172 156 
172 158 172 169 
172 172 172 183 
172 184 172 195 
173 0 173 11 
173 12 173 23 
173 24 173 35 
173 36 173 47 
173 48 173 59 
173 60 173 71 
173 72 173 83 
173 84 173 95 
173 98 173 109 
173 114 173 125 
173 126 173 137 
173 138 173 149 
173 164 173 175 
173 176 173 187 
174 0 174 11 
174 12 174 23 
174 24 174 35 
174 36 174 47 
174 48 174 59 
174 60 174 71 
174 72 174 83 
174 84 174 95 
174 97 174 108 
174 109 174 120 
174 121 174 132 
174 133 174 144 
174 145 174 156 
174 157 174 168 
174 169 174 180 
174 181 174 192 
174 193 174 204 
175 0 175 11 
175 12 175 23 
175 24 175 35 
175 36 175 47 
175 48 175 59 
175 60 175 71 
175 72 175 83 
175 98 175 109 
175 110 175 121 
175 122 175 133 
175 134 175 145 
175 146 175 157 
175 161 175 172 
175 189 175 200 
176 0 176 11 
176 12 176 23 
176 24 176 35 
176 36 176 47 
176 48 176 59 
176 60 176 71 
176 72 176 83 
176 84 176 95 
176 96 176 107 
176 108 176 119 
176 120 176 131 
176 132 176 143 
176 144 176 155 
176 156 176 167 
176 168 176 179 
176 180 176 191 
176 192 176 203 
177 0 177 11 
177 13 177 24 
177 25 177 36 
177 37 177 48 
177 49 177 60 
177 61 177 72 
177 73 177 84 
177 85 177 96 
177 97 177 108 
177 111 177 122 
177 125 177 136 
177 137 177 148 
177 149 177 160 
177 161 177 172 
177 173 177 184 
177 185 177 196 
178 0 178 11 
178 12 178 23 
178 24 178 35 
178 36 178 47 
178 48 178 59 
178 60 178 71 
178 72 178 83 
178 84 178 95 
178 96 178 107 
178 108 178 119 
178 120 178 131 
178 132 178 143 
178 145 178 156 
178 157 178 168 
178 169 178 180 
178 181 178 192 
178 193 178 204 
179 0 179 11 
179 12 179 23 
179 24 179 35 
179 36 179 47 
179 48 179 59 
179 60 179 71 
179 72 179 83 
179 84 179 95 
179 96 179 107 
179 108 179 119 
179 137 179 148 
179 149 179 160 
179 161 179 172 
179 173 179 184 
179 185 179 196 
180 0 180 11 
180 12 180 23 
180 24 180 35 
180 36 180 47 
180 48 180 59 
180 60 180 71 
180 72 180 83 
180 84 180 95 
180 96 180 107 
180 108 180 119 
180 120 180 131 
180 133 180 144 
180 145 180 156 
180 157 180 168 
180 169 180 180 
180 183 180 194 
181 0 181 11 
181 12 181 23 
181 24 181 35 
181 36 181 47 
181 48 181 59 
181 60 181 71 
181 72 181 83 
181 84 181 95 
181 96 181 107 
181 108 181 119 
181 120 181 131 
181 132 181 143 
181 144 181 155 
181 156 181 167 
181 168 181 179 
181 180 181 191 
182 0 182 11 
182 12 182 23 
182 24 182 35 
182 36 182 47 
182 66 182 77 
182 78 182 89 
182 90 182 101 
182 102 182 113 
182 114 182 125 
182 128 182 139 
182 140 182 151 
182 152 182 163 
182 164 182 175 
182 176 182 187 
182 188 182 199 
183 0 183 11 
183 12 183 23 
183 24 183 35 
183 36 183 47 
183 48 183 59 
183 60 183 71 
183 72 183 83 
183 84 183 95 
183 96 183 107 
183 108 183 119 
183 120 183 131 
183 133 183 144 
183 145 183 156 
183 157 183 168 
183 169 183 180 
183 181 183 192 
183 193 183 204 
184 14 184 25 
184 26 184 37 
184 38 184 49 
184 50 184 61 
184 62 184 73 
184 82 184 93 
184 94 184 105 
184 106 184 117 
184 118 184 129 
184 130 184 141 
184 142 184 153 
184 154 184 165 
184 166 184 177 
184 180 184 191 
184 192 184 203 
185 0 185 11 
185 12 185 23 
185 24 185 35 
185 36 185 47 
185 48 185 59 
185 60 185 71 
185 72 185 83 
185 84 185 95 
185 96 185 107 
185 108 185 119 
185 120 185 131 
185 133 185 144 
185 145 185 156 
185 157 185 168 
185 169 185 180 
185 181 185 192 
185 193 185 204 
186 0 186 11 
186 12 186 23 
186 24 186 35 
186 53 186 64 
186 65 186 76 
186 77 186 88 
186 92 186 103 
186 104 186 115 
186 116 186 127 
186 128 186 139 
186 140 186 151 
186 152 186 163 
186 164 186 175 
186 176 186 187 
186 188 186 199 
187 0 187 11 
187 12 187 23 
187 24 187 35 
187 36 187 47 
187 48 187 59 
187 60 187 71 
187 72 187 83 
187 84 187 95 
187 96 187 107 
187 108 187 119 
187 120 187 131 
187 132 187 143 
187 144 187 155 
187 156 187 167 
187 168 187 179 
188 0 188 11 
188 12 188 23 
188 24 188 35 
188 36 188 47 
188 48 188 59 
188 60 188 71 
188 72 188 83 
188 84 188 95 
188 96 188 107 
188 108 188 119 
188 120 188 131 
188 133 188 144 
188 145 188 156 
188 157 188 168 
188 169 188 180 
188 181 188 192 
188 193 188 204 
189 0 189 11 
189 12 189 23 
189 24 189 35 
189 36 189 47 
189 48 189 59 
189 60 189 71 
189 72 189 83 
189 84 189 95 
189 111 189 122 
189 123 189 134 
189 136 189 147 
189 148 189 159 
189 160 189 171 
189 172 189 183 
189 184 189 195 
190 0 190 11 
190 12 190 23 
190 42 190 53 
190 55 190 66 
190 67 190 78 
190 92 190 103 
190 118 190 129 
190 130 190 141 
190 157 190 168 
190 169 190 180 
190 181 190 192 
190 193 190 204 
191 0 191 11 
191 25 191 36 
191 37 191 48 
191 49 191 60 
191 61 191 72 
191 73 191 84 
191 85 191 96 
191 97 191 108 
191 109 191 120 
191 121 191 132 
191 133 191 144 
191 161 191 172 
191 173 191 184 
192 0 192 11 
192 12 192 23 
192 24 192 35 
192 37 192 48 
192 49 192 60 
192 61 192 72 
192 73 192 84 
192 108 192 119 
192 120 192 131 
192 132 192 143 
192 144 192 155 
192 156 192 167 
192 168 192 179 
192 180 192 191 
192 192 192 203 
193 0 193 11 
193 12 193 23 
193 24 193 35 
193 36 193 47 
193 48 193 59 
193 60 193 71 
193 72 193 83 
193 87 193 98 
193 99 193 110 
193 111 193 122 
193 123 193 134 
193 135 193 146 
193 147 193 158 
193 159 193 170 
193 171 193 182 
193 183 193 194 
194 0 194 11 
194 12 194 23 
194 24 194 35 
194 51 194 62 
194 63 194 74 
194 75 194 86 
194 87 194 98 
194 99 194 110 
194 111 194 122 
194 123 194 134 
194 135 194 146 
194 149 194 160 
194 161 194 172 
194 173 194 184 
194 186 194 197 
195 0 195 11 
195 12 195 23 
195 24 195 35 
195 36 195 47 
195 48 195 59 
195 60 195 71 
195 72 195 83 
195 84 195 95 
195 96 195 107 
195 108 195 119 
195 134 195 145 
195 146 195 157 
195 158 195 169 
195 170 195 181 
195 182 195 193 
196 14 196 25 
196 26 196 37 
196 38 196 49 
196 50 196 61 
196 62 196 73 
196 74 196 85 
196 87 196 98 
196 99 196 110 
196 111 196 122 
196 123 196 134 
196 167 196 178 
196 179 196 190 
197 0 197 11 
197 12 197 23 
197 39 197 50 
197 64 197 75 
197 76 197 87 
197 88 197 99 
197 100 197 111 
197 112 197 123 
197 124 197 135 
197 136 197 147 
197 148 197 159 
197 160 197 171 
197 172 197 183 
197 184 197 195 
198 0 198 11 
198 33 198 44 
198 45 198 56 
198 57 198 68 
198 69 198 80 
198 82 198 93 
198 94 198 105 
198 108 198 119 
198 121 198 132 
198 133 198 144 
198 146 198 157 
198 158 198 169 
198 170 198 181 
198 182 198 193 
199 13 199 24 
199 25 199 36 
199 37 199 48 
199 49 199 60 
199 61 199 72 
199 87 199 98 
199 99 199 110 
199 115 199 126 
199 127 199 138 
199 139 199 150 
199 151 199 162 
199 163 199 174 
199 175 199 186 
199 187 199 198 
