980
0 0 0 10 
0 24 1 28 
0 29 1 33 
0 48 0 59 
0 72 2 75 
0 76 1 81 
0 82 4 83 
0 96 0 107 
0 120 1 125 
0 126 4 127 
0 128 3 130 
0 144 4 145 
0 146 0 155 
0 168 0 178 
0 192 0 202 
0 216 0 225 
0 226 5 227 
0 240 3 242 
0 246 3 248 
1 0 1 9 
1 10 5 11 
1 48 4 50 
1 51 4 53 
1 54 4 56 
1 96 6 97 
1 98 1 107 
1 146 1 155 
1 168 1 179 
1 192 2 197 
1 198 4 200 
1 216 1 225 
2 0 2 8 
2 24 7 25 
2 26 4 29 
2 30 5 32 
2 76 5 78 
2 79 6 80 
2 98 2 107 
2 120 3 125 
2 146 3 151 
2 152 7 153 
2 168 2 178 
2 216 2 225 
3 0 4 5 
3 6 6 8 
3 72 5 75 
3 98 3 107 
3 168 3 176 
3 177 6 179 
3 192 4 197 
3 216 3 225 
4 98 4 107 
4 120 5 125 
4 128 8 129 
4 146 5 151 
4 168 4 175 
4 216 5 221 
4 222 7 224 
4 240 8 241 
4 246 7 248 
5 0 6 5 
5 26 7 29 
5 48 8 50 
5 51 6 56 
5 81 10 82 
5 98 5 105 
5 106 10 107 
5 126 10 127 
5 144 10 145 
5 168 8 170 
5 171 7 174 
5 192 6 197 
5 198 8 200 
6 9 9 11 
6 30 10 31 
6 72 10 73 
6 74 11 75 
6 76 9 78 
6 98 7 103 
6 120 7 125 
6 146 7 151 
6 216 7 221 
6 225 9 227 
7 0 7 8 
7 51 9 54 
7 55 11 56 
7 79 11 80 
7 96 11 97 
7 175 10 177 
7 192 8 196 
8 0 8 8 
8 24 9 29 
8 98 9 103 
8 120 9 125 
8 146 8 155 
8 171 11 172 
8 173 11 174 
8 216 11 218 
8 219 9 224 
8 246 11 248 
9 0 9 8 
9 146 9 155 
9 192 10 196 
10 0 10 8 
10 24 11 27 
10 48 11 52 
10 98 10 105 
10 120 11 125 
10 146 11 150 
10 219 10 227 
11 0 11 9 
11 98 11 107 
11 192 11 201 
11 219 11 227 
24 0 24 9 
24 24 28 25 
24 26 24 35 
24 48 27 50 
24 51 25 56 
24 57 27 59 
24 72 24 83 
24 96 24 107 
24 120 28 121 
24 122 25 126 
24 127 28 128 
24 129 29 130 
24 144 24 151 
24 152 27 154 
24 170 25 175 
24 177 27 179 
24 192 24 199 
24 216 24 225 
24 226 28 227 
24 240 29 241 
24 244 25 249 
25 0 28 2 
25 3 26 7 
25 26 25 35 
25 72 25 80 
25 96 26 100 
25 101 26 106 
25 144 25 151 
25 192 30 193 
25 194 27 197 
25 198 30 199 
25 216 25 225 
26 26 26 34 
26 51 27 56 
26 72 26 83 
26 122 29 124 
26 125 30 126 
26 144 26 151 
26 170 27 175 
26 216 26 225 
26 244 27 249 
27 3 31 4 
27 5 30 7 
27 26 28 31 
27 72 27 81 
27 96 27 104 
27 105 30 107 
27 144 27 151 
27 216 27 225 
28 48 33 49 
28 50 28 59 
28 72 28 79 
28 80 31 82 
28 96 28 104 
28 144 28 154 
28 170 29 175 
28 177 31 179 
28 194 32 195 
28 196 33 197 
28 216 28 225 
28 244 29 249 
29 0 32 2 
29 24 29 32 
29 50 29 59 
29 72 30 76 
29 77 32 79 
29 96 29 104 
29 120 34 121 
29 127 33 128 
29 144 29 152 
29 216 29 225 
29 226 33 227 
30 24 33 26 
30 27 33 29 
30 30 32 33 
30 50 30 59 
30 96 30 104 
30 122 33 124 
30 129 35 130 
30 144 31 148 
30 149 34 150 
30 151 34 152 
30 170 31 175 
30 216 30 225 
30 240 33 242 
30 244 31 249 
31 5 35 6 
31 7 35 8 
31 50 31 59 
31 72 33 75 
31 96 31 106 
31 125 35 126 
31 192 35 193 
31 198 34 200 
31 216 31 225 
32 3 35 4 
32 50 32 59 
32 80 35 81 
32 96 35 98 
32 99 32 107 
32 144 33 148 
32 170 33 175 
32 177 35 179 
32 216 32 225 
32 244 33 249 
33 30 34 34 
33 50 33 59 
33 76 35 79 
33 99 34 104 
33 216 33 225 
34 24 35 28 
34 48 34 58 
34 72 35 75 
34 144 35 148 
34 170 35 175 
34 194 35 197 
34 216 34 225 
34 244 35 249 
35 48 35 58 
35 99 35 107 
35 216 35 227 
48 0 48 9 
48 24 49 29 
48 33 51 35 
48 48 51 50 
48 51 52 52 
48 53 49 57 
48 58 52 59 
48 72 48 81 
48 82 53 83 
48 96 48 105 
48 106 53 107 
48 120 51 122 
48 124 49 129 
48 144 48 154 
48 168 53 169 
48 170 49 174 
48 175 49 179 
48 192 48 199 
48 201 51 203 
48 216 48 227 
48 240 49 245 
49 0 49 11 
49 72 49 81 
49 96 49 105 
49 144 52 146 
49 147 50 151 
49 192 53 193 
49 194 53 195 
49 196 51 199 
49 216 49 225 
49 226 53 227 
50 0 50 11 
50 24 51 29 
50 53 52 56 
50 72 50 81 
50 96 51 101 
50 102 53 104 
50 124 51 129 
50 170 50 179 
50 216 50 225 
50 240 51 245 
51 0 51 11 
51 72 51 81 
51 147 52 151 
51 170 54 172 
51 174 52 179 
51 216 51 225 
52 0 52 9 
52 24 53 29 
52 33 55 35 
52 48 56 49 
52 72 52 81 
52 96 57 97 
52 98 55 100 
52 120 55 122 
52 124 53 129 
52 196 53 201 
52 202 56 203 
52 216 52 225 
52 240 53 244 
52 245 56 246 
53 0 53 10 
53 50 57 51 
53 52 54 56 
53 57 56 59 
53 72 53 81 
53 144 53 155 
53 174 54 179 
53 216 54 220 
53 221 56 223 
53 224 58 225 
54 0 54 9 
54 24 55 29 
54 72 54 83 
54 101 58 102 
54 104 57 106 
54 124 55 129 
54 144 54 154 
54 168 59 169 
54 192 54 201 
54 226 59 227 
54 240 55 244 
55 0 55 11 
55 52 56 56 
55 72 55 83 
55 144 58 146 
55 147 56 152 
55 170 55 179 
55 192 55 199 
55 216 56 220 
56 0 56 10 
56 24 57 29 
56 33 59 35 
56 72 56 81 
56 82 59 83 
56 98 59 100 
56 120 59 122 
56 124 57 129 
56 170 57 175 
56 176 58 179 
56 192 56 199 
56 240 57 244 
57 0 57 10 
57 52 58 57 
57 72 57 81 
57 147 59 150 
57 192 57 199 
57 216 58 221 
58 0 58 10 
58 24 59 29 
58 48 59 51 
58 72 58 81 
58 124 59 129 
58 170 59 173 
58 192 58 201 
58 240 59 244 
59 0 59 10 
59 72 59 81 
59 192 59 199 
59 216 59 225 
72 0 76 1 
72 2 73 7 
72 8 77 9 
72 10 77 11 
72 24 73 29 
72 30 76 31 
72 48 72 59 
72 72 72 82 
72 96 73 101 
72 102 73 106 
72 120 73 125 
72 128 75 130 
72 144 75 146 
72 147 77 148 
72 149 77 150 
72 168 72 176 
72 177 75 179 
72 192 73 196 
72 197 73 202 
72 216 73 221 
72 240 73 245 
72 246 73 249 
73 48 73 59 
73 72 74 77 
73 78 74 83 
73 168 73 176 
74 2 77 4 
74 5 78 6 
74 24 75 29 
74 48 74 58 
74 96 75 101 
74 102 76 105 
74 106 79 107 
74 120 75 125 
74 168 74 176 
74 192 75 196 
74 197 75 202 
74 216 75 221 
74 240 74 249 
75 48 75 59 
75 72 75 83 
75 168 76 172 
75 173 77 176 
75 240 76 245 
75 246 77 249 
76 24 77 29 
76 48 76 59 
76 72 78 75 
76 76 81 77 
76 78 78 81 
76 96 77 101 
76 120 77 125 
76 128 79 130 
76 144 79 146 
76 177 80 178 
76 192 77 197 
76 198 79 200 
76 201 80 202 
76 216 77 221 
77 0 81 1 
77 30 80 32 
77 48 77 58 
77 102 79 105 
77 168 78 172 
77 240 78 245 
78 2 83 3 
78 7 81 9 
78 10 82 11 
78 24 79 29 
78 48 78 59 
78 96 79 101 
78 120 81 122 
78 123 79 127 
78 147 79 151 
78 173 80 176 
78 192 79 196 
78 216 79 221 
78 246 80 249 
79 4 83 5 
79 48 79 59 
79 72 83 73 
79 74 83 75 
79 78 80 83 
79 168 82 170 
79 171 83 172 
79 240 80 245 
80 24 81 29 
80 48 80 59 
80 96 81 101 
80 102 83 104 
80 105 83 106 
80 123 82 126 
80 128 83 130 
80 144 83 146 
80 147 81 151 
80 192 81 197 
80 198 83 200 
80 216 81 221 
81 48 81 58 
81 78 83 81 
81 173 82 178 
81 240 81 249 
82 24 83 29 
82 48 82 58 
82 96 83 101 
82 147 83 151 
82 192 83 195 
82 216 83 221 
82 240 82 249 
83 48 83 59 
83 240 83 247 
96 0 96 10 
96 24 96 33 
96 48 96 58 
96 72 99 74 
96 75 100 76 
96 77 97 82 
96 96 101 97 
96 98 99 100 
96 101 97 105 
96 120 97 124 
96 125 97 129 
96 130 101 131 
96 144 96 154 
96 168 96 176 
96 192 97 196 
96 197 101 198 
96 199 98 202 
96 216 96 226 
96 240 99 242 
96 243 98 246 
96 247 101 248 
97 0 100 2 
97 3 98 8 
97 9 100 11 
97 24 97 33 
97 48 97 57 
97 144 98 149 
97 150 102 151 
97 152 99 155 
97 168 97 179 
97 216 100 218 
97 219 97 227 
98 24 101 26 
98 27 101 29 
98 30 99 34 
98 48 98 57 
98 77 99 82 
98 101 99 105 
98 120 99 124 
98 125 99 129 
98 168 99 172 
98 173 103 174 
98 192 101 194 
98 195 103 196 
98 219 99 224 
98 225 101 227 
99 3 100 8 
99 48 99 58 
99 144 100 149 
99 199 102 201 
99 202 104 203 
99 243 101 246 
100 30 101 35 
100 48 100 56 
100 57 105 58 
100 72 103 74 
100 77 101 82 
100 98 103 100 
100 101 101 106 
100 120 102 123 
100 124 103 126 
100 127 105 128 
100 152 102 155 
100 168 101 172 
100 219 101 223 
100 240 103 242 
101 0 101 9 
101 48 101 56 
101 75 105 76 
101 144 102 149 
101 216 106 217 
102 0 102 11 
102 24 102 34 
102 48 103 53 
102 54 105 56 
102 77 103 82 
102 96 106 97 
102 101 103 105 
102 129 106 130 
102 168 104 171 
102 192 106 193 
102 197 106 198 
102 218 102 227 
102 243 104 246 
102 247 107 248 
103 0 103 11 
103 24 104 28 
103 29 106 31 
103 32 106 34 
103 120 105 123 
103 144 103 154 
103 199 107 200 
103 218 103 227 
104 0 104 9 
104 48 105 53 
104 72 107 74 
104 77 105 81 
104 82 107 83 
104 98 107 100 
104 101 105 106 
104 124 107 126 
104 144 104 155 
104 172 106 175 
104 194 107 195 
104 218 104 227 
104 240 107 242 
105 0 105 10 
105 24 106 28 
105 144 105 154 
105 168 107 171 
105 218 106 223 
105 224 107 227 
105 243 107 246 
106 0 106 9 
106 48 106 57 
106 75 107 80 
106 101 107 106 
106 120 107 123 
106 144 107 148 
106 149 107 154 
107 0 107 9 
107 24 107 33 
107 48 107 56 
120 0 124 1 
120 2 121 6 
120 7 124 8 
120 9 124 10 
120 24 120 34 
120 48 120 59 
120 77 123 79 
120 81 123 83 
120 96 120 103 
120 104 122 107 
120 120 125 121 
120 122 121 127 
120 128 123 130 
120 144 120 155 
120 168 121 172 
120 173 121 177 
120 192 121 197 
120 198 124 199 
120 201 123 203 
120 216 120 227 
120 240 121 245 
120 246 123 248 
121 24 122 28 
121 29 122 34 
121 48 121 55 
121 56 125 57 
121 58 126 59 
121 96 121 103 
121 144 121 154 
121 216 122 220 
121 221 124 223 
121 225 124 227 
122 2 123 6 
122 48 126 49 
122 50 126 51 
122 52 126 53 
122 54 127 55 
122 96 122 103 
122 122 127 123 
122 124 127 125 
122 126 127 127 
122 144 122 155 
122 168 122 177 
122 192 123 197 
122 240 123 244 
123 24 124 28 
123 29 124 33 
123 34 127 35 
123 96 123 105 
123 144 124 149 
123 150 124 155 
123 168 123 179 
123 216 124 220 
124 2 126 5 
124 77 127 79 
124 81 127 83 
124 96 126 99 
124 100 124 107 
124 128 129 129 
124 168 125 172 
124 173 126 176 
124 192 125 197 
124 201 127 203 
124 240 125 245 
124 246 128 247 
125 0 129 1 
125 6 129 7 
125 8 128 10 
125 24 125 33 
125 100 128 102 
125 103 126 107 
125 144 126 149 
125 150 126 155 
125 198 128 200 
125 216 127 219 
125 221 128 223 
125 225 128 227 
126 24 126 33 
126 56 130 57 
126 120 131 121 
126 168 127 172 
126 192 127 197 
126 240 130 241 
126 242 129 244 
127 2 130 4 
127 24 127 33 
127 48 129 51 
127 52 131 53 
127 58 131 59 
127 96 129 99 
127 103 130 105 
127 144 128 149 
127 150 128 155 
127 173 128 177 
128 24 128 34 
128 54 131 55 
128 77 131 79 
128 81 131 83 
128 122 131 124 
128 125 131 127 
128 168 129 172 
128 192 129 197 
128 201 131 203 
128 216 130 219 
129 24 129 34 
129 144 129 155 
129 173 131 176 
129 222 130 227 
129 245 131 248 
130 5 131 8 
130 24 130 32 
130 48 131 51 
130 96 131 100 
130 144 131 149 
130 150 131 154 
130 168 131 172 
130 192 131 197 
131 24 131 33 
131 216 131 227 
144 0 144 9 
144 26 145 31 
144 33 147 35 
144 48 149 49 
144 50 147 52 
144 53 149 54 
144 55 149 56 
144 72 144 83 
144 96 148 97 
144 98 144 106 
144 120 144 129 
144 130 149 131 
144 144 147 146 
144 147 144 155 
144 168 144 176 
144 177 149 178 
144 192 147 194 
144 195 147 197 
144 198 145 202 
144 216 145 221 
144 222 145 227 
144 240 145 244 
144 245 147 247 
145 0 145 8 
145 9 149 10 
145 72 149 73 
145 74 149 75 
145 76 146 81 
145 82 150 83 
145 98 145 106 
145 120 145 129 
145 147 145 155 
145 168 145 176 
146 0 151 1 
146 2 147 7 
146 26 149 28 
146 29 149 31 
146 98 150 99 
146 100 149 102 
146 103 150 104 
146 120 146 128 
146 147 146 155 
146 168 147 172 
146 174 149 176 
146 198 149 200 
146 201 151 202 
146 216 147 220 
146 222 147 227 
146 240 147 244 
147 76 150 78 
147 120 147 127 
147 128 151 129 
147 147 148 151 
147 152 150 154 
148 2 151 4 
148 5 151 7 
148 33 151 35 
148 50 151 52 
148 120 150 123 
148 124 152 125 
148 126 152 127 
148 144 151 146 
148 168 149 172 
148 192 149 197 
148 216 151 218 
148 219 152 220 
148 222 149 227 
148 240 149 244 
148 245 151 247 
149 96 153 97 
149 147 152 149 
150 8 154 9 
150 26 153 28 
150 29 153 31 
150 48 154 49 
150 53 151 58 
150 72 154 73 
150 74 155 75 
150 100 153 102 
150 130 155 131 
150 168 151 172 
150 173 151 178 
150 192 151 197 
150 198 153 200 
150 222 151 227 
150 240 151 244 
151 76 153 79 
151 80 154 82 
151 98 155 99 
151 103 154 105 
151 120 155 121 
151 122 155 123 
151 150 152 155 
152 0 155 1 
152 2 155 4 
152 5 155 7 
152 33 155 35 
152 50 152 59 
152 128 155 129 
152 144 155 146 
152 168 152 176 
152 177 155 178 
152 192 155 194 
152 195 155 197 
152 201 155 203 
152 216 155 218 
152 222 153 227 
152 240 153 245 
153 50 154 55 
153 124 155 127 
153 147 154 151 
153 152 155 155 
153 168 153 176 
154 26 155 31 
154 76 155 79 
154 168 154 176 
154 222 155 227 
154 240 155 245 
155 48 155 57 
155 168 155 176 
168 0 172 1 
168 6 171 8 
168 24 171 26 
168 29 171 31 
168 53 169 58 
168 72 171 74 
168 75 173 76 
168 77 169 82 
168 96 168 106 
168 120 171 122 
168 123 171 125 
168 126 169 131 
168 144 168 154 
168 168 171 170 
168 171 172 172 
168 173 171 175 
168 177 171 179 
168 192 172 193 
168 194 168 203 
168 216 169 220 
168 221 171 223 
169 96 169 107 
169 144 169 154 
169 194 169 203 
170 53 171 58 
170 77 171 81 
170 82 175 83 
170 96 170 107 
170 126 173 128 
170 129 173 131 
170 144 171 148 
170 149 174 150 
170 151 171 155 
170 194 171 198 
170 199 173 201 
170 216 172 219 
171 96 171 107 
172 6 175 8 
172 24 176 25 
172 29 175 31 
172 53 173 58 
172 72 176 73 
172 77 173 81 
172 96 172 107 
172 120 175 122 
172 123 175 125 
172 144 173 148 
172 151 175 153 
172 154 176 155 
172 168 175 170 
172 173 175 175 
172 177 175 179 
172 194 176 195 
172 196 175 198 
172 220 176 221 
172 222 176 223 
173 0 176 2 
173 96 173 106 
173 171 177 172 
173 192 177 193 
173 216 175 219 
174 53 175 58 
174 74 178 75 
174 76 175 81 
174 96 174 106 
174 126 179 127 
174 129 177 131 
174 144 175 148 
174 199 177 201 
175 96 175 106 
175 149 179 150 
176 6 179 8 
176 29 179 31 
176 53 177 58 
176 76 177 81 
176 82 179 83 
176 96 176 107 
176 120 179 121 
176 122 179 123 
176 144 177 148 
176 151 179 152 
176 168 179 170 
176 173 179 175 
176 177 179 179 
176 196 179 198 
176 216 179 218 
177 96 177 107 
177 219 178 223 
178 53 179 58 
178 76 179 81 
178 96 178 106 
178 144 179 148 
178 192 179 195 
178 199 179 202 
179 96 179 106 
192 3 195 5 
192 6 193 11 
192 24 196 25 
192 26 192 35 
192 48 192 59 
192 72 192 81 
192 96 193 101 
192 102 193 107 
192 120 194 123 
192 124 197 125 
192 144 193 149 
192 150 195 152 
192 153 196 154 
192 168 196 169 
192 170 192 179 
192 192 194 195 
193 26 193 33 
193 34 198 35 
193 48 194 53 
193 54 194 58 
193 72 193 81 
193 170 193 179 
194 6 195 11 
194 26 194 33 
194 72 194 81 
194 96 194 103 
194 104 199 105 
194 144 195 149 
194 170 195 175 
195 26 198 28 
195 29 196 33 
195 48 195 58 
195 72 195 81 
195 96 196 101 
195 102 199 103 
195 120 197 123 
195 192 199 193 
195 194 199 195 
196 3 199 5 
196 6 197 11 
196 48 196 59 
196 72 197 77 
196 78 199 80 
196 144 197 148 
196 149 199 151 
196 170 197 174 
196 175 199 177 
197 29 199 32 
197 48 197 59 
197 96 198 101 
198 6 199 11 
198 48 198 59 
198 72 199 77 
198 120 199 123 
198 144 199 148 
198 168 199 173 
199 48 199 59 
