4400
0 0 0 10 
0 11 1 15 
0 16 4 17 
0 18 11 18 
0 19 5 20 
0 21 2 24 
0 25 0 34 
0 35 0 44 
0 45 3 47 
0 48 11 48 
0 49 2 52 
0 53 11 53 
0 54 1 58 
0 59 1 63 
0 64 0 75 
0 76 0 87 
0 88 0 99 
0 100 3 102 
0 103 0 112 
0 113 5 114 
0 115 4 116 
0 117 4 118 
0 119 9 119 
0 120 11 120 
0 121 0 130 
0 131 0 139 
0 140 1 145 
0 146 3 148 
0 149 1 153 
0 154 1 158 
0 159 5 160 
0 161 7 161 
0 162 0 170 
0 171 0 180 
0 181 1 186 
0 187 11 187 
0 188 10 188 
0 189 0 199 
0 200 2 203 
0 204 0 215 
0 216 5 217 
0 218 0 229 
0 230 0 238 
0 239 9 239 
0 240 3 242 
0 243 3 245 
0 246 3 248 
0 249 10 249 
1 0 12 0 
1 1 2 5 
1 6 6 7 
1 8 12 8 
1 9 6 10 
1 25 4 27 
1 28 1 37 
1 38 3 41 
1 42 6 43 
1 44 12 44 
1 64 3 67 
1 68 11 68 
1 71 9 71 
1 72 6 73 
1 74 11 74 
1 75 11 75 
1 76 10 76 
1 77 2 81 
1 82 3 85 
1 86 4 88 
1 89 12 89 
1 90 4 92 
1 93 6 94 
1 95 6 96 
1 97 12 97 
1 98 10 98 
1 99 11 99 
1 103 12 103 
1 104 3 107 
1 108 11 108 
1 109 4 111 
1 121 2 125 
1 126 2 131 
1 132 9 132 
1 133 11 133 
1 134 5 135 
1 136 12 136 
1 137 6 138 
1 139 12 139 
1 162 3 165 
1 166 4 168 
1 169 1 178 
1 179 9 179 
1 189 10 189 
1 190 4 192 
1 193 11 193 
1 194 10 194 
1 195 10 195 
1 196 12 196 
1 197 6 198 
1 199 9 199 
1 204 6 205 
1 206 5 207 
1 208 3 211 
1 212 3 215 
1 218 10 218 
1 219 2 223 
1 224 6 225 
1 226 11 226 
1 227 6 228 
1 229 12 229 
1 230 1 237 
2 11 11 11 
2 12 5 14 
2 15 10 15 
2 28 2 37 
2 54 2 63 
2 140 6 141 
2 142 11 142 
2 143 7 144 
2 145 13 145 
2 149 3 153 
2 154 4 157 
2 158 13 158 
2 169 2 178 
2 180 3 185 
2 186 13 186 
2 230 2 238 
3 1 14 1 
3 2 11 2 
3 3 12 3 
3 4 11 4 
3 5 14 5 
3 21 11 21 
3 22 14 22 
3 23 8 24 
3 28 3 37 
3 49 11 49 
3 50 12 50 
3 51 13 51 
3 52 13 52 
3 54 6 56 
3 57 4 61 
3 62 8 63 
3 69 14 69 
3 77 13 77 
3 78 12 78 
3 79 6 81 
3 112 14 112 
3 121 4 126 
3 127 14 127 
3 128 11 128 
3 129 6 131 
3 169 7 170 
3 171 5 174 
3 175 5 178 
3 200 12 200 
3 201 14 201 
3 202 14 202 
3 203 14 203 
3 219 11 219 
3 220 10 220 
3 221 6 223 
3 230 3 237 
3 238 14 238 
4 28 8 29 
4 30 15 30 
4 31 5 35 
4 36 15 36 
4 37 6 40 
4 41 15 41 
4 45 15 45 
4 46 15 46 
4 64 6 67 
4 82 12 82 
4 83 12 83 
4 84 13 84 
4 85 12 85 
4 100 8 101 
4 102 15 102 
4 104 15 104 
4 105 12 105 
4 106 9 107 
4 146 13 146 
4 147 9 148 
4 149 14 149 
4 150 9 151 
4 152 13 152 
4 153 14 153 
4 162 6 165 
4 180 7 182 
4 183 14 183 
4 184 8 185 
4 208 5 212 
4 213 12 213 
4 214 12 214 
4 215 14 215 
4 230 15 230 
4 231 5 235 
4 236 9 237 
4 240 15 240 
4 241 6 244 
4 245 9 246 
4 247 9 248 
5 16 13 16 
5 25 10 26 
5 27 14 27 
5 47 16 47 
5 57 7 60 
5 61 16 61 
5 86 8 88 
5 90 16 90 
5 91 15 91 
5 92 15 92 
5 109 10 110 
5 111 16 111 
5 115 16 115 
5 116 8 118 
5 121 8 123 
5 124 8 126 
5 154 7 157 
5 166 8 168 
5 190 10 191 
5 192 13 192 
6 12 17 12 
6 13 15 13 
6 14 17 14 
6 19 11 20 
6 31 14 31 
6 32 15 32 
6 33 9 35 
6 113 16 113 
6 114 16 114 
6 134 10 135 
6 171 15 171 
6 172 11 173 
6 174 9 176 
6 177 15 177 
6 178 16 178 
6 206 9 208 
6 209 11 210 
6 211 16 211 
6 212 16 212 
6 217 16 217 
6 231 7 235 
7 6 11 7 
7 9 12 10 
7 17 18 17 
7 37 9 40 
7 42 18 42 
7 43 18 43 
7 54 18 54 
7 55 11 56 
7 64 16 64 
7 65 16 65 
7 66 18 66 
7 70 18 70 
7 72 15 72 
7 73 18 73 
7 79 10 81 
7 93 10 95 
7 96 18 96 
7 129 12 130 
7 131 18 131 
7 137 16 137 
7 138 17 138 
7 140 15 140 
7 141 18 141 
7 160 18 160 
7 162 10 164 
7 165 18 165 
7 197 11 198 
7 204 14 204 
7 205 18 205 
7 216 18 216 
7 221 17 221 
7 222 11 223 
7 224 14 224 
7 227 11 228 
7 241 12 242 
7 243 18 243 
7 244 15 244 
8 57 18 57 
8 58 12 59 
8 60 17 60 
8 67 19 67 
8 143 16 143 
8 144 17 144 
8 154 19 154 
8 155 12 156 
8 157 18 157 
8 161 19 161 
8 169 17 169 
8 170 19 170 
8 180 16 180 
8 181 13 182 
8 231 13 232 
8 233 12 234 
8 235 16 235 
9 23 14 24 
9 28 14 29 
9 62 18 62 
9 63 19 63 
9 86 14 87 
9 88 19 88 
9 100 13 101 
9 116 14 117 
9 121 17 121 
9 122 14 123 
9 124 19 124 
9 125 18 125 
9 126 18 126 
9 166 13 167 
9 168 18 168 
9 184 18 184 
9 185 18 185 
9 225 20 225 
10 33 13 35 
10 38 13 40 
10 71 20 71 
10 106 20 106 
10 107 19 107 
10 118 21 118 
10 119 21 119 
10 132 20 132 
10 147 15 148 
10 150 18 150 
10 151 20 151 
10 159 21 159 
10 174 14 175 
10 179 21 179 
10 199 21 199 
10 206 13 208 
10 236 14 237 
10 239 18 239 
10 245 20 245 
10 246 13 248 
11 15 22 15 
11 25 19 25 
11 26 19 26 
11 37 22 37 
11 76 20 76 
11 79 14 81 
11 93 20 93 
11 94 20 94 
11 95 22 95 
11 98 20 98 
11 109 20 109 
11 110 20 110 
11 134 21 134 
11 135 20 135 
11 163 22 163 
11 164 22 164 
11 188 18 188 
11 189 16 190 
11 191 22 191 
11 194 22 194 
11 195 21 195 
11 218 20 218 
11 249 21 249 
12 2 21 2 
12 6 16 7 
12 11 22 11 
12 18 22 18 
12 19 19 19 
12 20 16 21 
12 48 22 48 
12 49 23 49 
12 53 23 53 
12 55 22 55 
12 56 23 56 
12 68 23 68 
12 74 20 74 
12 99 20 99 
12 108 21 108 
12 128 23 128 
12 172 19 172 
12 173 22 173 
12 187 21 187 
12 193 20 193 
12 197 17 198 
12 209 23 209 
12 210 20 210 
12 219 21 219 
12 222 23 222 
12 223 21 223 
12 227 17 228 
13 3 18 4 
13 8 18 9 
13 10 22 10 
13 44 21 44 
13 50 24 50 
13 58 23 58 
13 59 24 59 
13 82 24 82 
13 85 24 85 
13 89 23 89 
13 97 22 97 
13 103 24 103 
13 105 20 105 
13 129 17 130 
13 133 24 133 
13 136 23 136 
13 139 23 139 
13 155 23 155 
13 162 24 162 
13 196 22 196 
13 200 24 200 
13 213 18 214 
13 229 23 229 
13 233 18 234 
13 241 24 241 
14 16 25 16 
14 33 25 33 
14 34 24 34 
14 35 22 35 
14 38 23 38 
14 39 19 40 
14 51 21 51 
14 52 25 52 
14 77 25 77 
14 83 25 83 
14 84 23 84 
14 100 24 100 
14 101 23 101 
14 145 18 146 
14 152 23 152 
14 156 25 156 
14 158 24 158 
14 166 25 166 
14 181 18 182 
14 186 24 186 
14 192 25 192 
14 206 17 208 
14 220 25 220 
14 232 23 232 
14 246 19 247 
14 248 23 248 
15 0 20 1 
15 5 26 5 
15 22 20 23 
15 24 26 24 
15 27 18 29 
15 31 26 31 
15 78 26 78 
15 79 18 81 
15 86 26 86 
15 87 25 87 
15 112 23 112 
15 116 25 116 
15 122 25 122 
15 123 22 123 
15 127 24 127 
15 149 22 149 
15 153 26 153 
15 174 26 174 
15 175 20 176 
15 183 26 183 
15 201 19 202 
15 203 24 203 
15 204 25 204 
15 215 23 215 
15 236 26 236 
15 237 26 237 
15 238 24 238 
16 13 26 13 
16 30 25 30 
16 32 27 32 
16 36 24 36 
16 41 24 41 
16 46 27 46 
16 69 27 69 
16 75 27 75 
16 91 21 92 
16 102 26 102 
16 104 27 104 
16 140 25 140 
16 147 21 148 
16 167 27 167 
16 171 27 171 
16 177 27 177 
16 230 23 230 
16 240 27 240 
16 244 26 244 
17 6 26 6 
17 20 24 20 
17 47 27 47 
17 61 28 61 
17 64 28 64 
17 65 26 65 
17 111 27 111 
17 113 22 114 
17 115 27 115 
17 120 28 120 
17 143 27 143 
17 178 25 178 
17 180 28 180 
17 189 25 189 
17 211 22 212 
17 217 26 217 
17 224 28 224 
17 235 26 235 
17 242 28 242 
18 7 29 7 
18 12 29 12 
18 60 27 60 
18 117 29 117 
18 121 29 121 
18 129 22 130 
18 137 29 137 
18 138 28 138 
18 142 29 142 
18 144 29 144 
18 169 29 169 
18 197 29 197 
18 206 29 206 
18 207 29 207 
18 208 26 208 
18 221 26 221 
18 226 21 228 
19 3 26 3 
19 4 28 4 
19 8 28 8 
19 9 30 9 
19 17 29 17 
19 27 30 27 
19 28 30 28 
19 42 24 43 
19 45 30 45 
19 54 26 54 
19 57 30 57 
19 62 30 62 
19 66 30 66 
19 73 30 73 
19 79 30 79 
19 80 24 81 
19 96 29 96 
19 125 30 125 
19 131 27 131 
19 141 30 141 
19 145 24 146 
19 150 27 150 
19 157 29 157 
19 160 30 160 
19 165 30 165 
19 168 27 168 
19 181 23 182 
19 184 24 185 
19 188 30 188 
19 198 30 198 
19 205 30 205 
19 213 23 214 
19 216 28 216 
19 233 24 234 
19 239 28 239 
19 243 29 243 
20 19 27 19 
20 25 25 26 
20 39 29 39 
20 40 31 40 
20 63 29 63 
20 67 30 67 
20 70 31 70 
20 72 31 72 
20 88 31 88 
20 107 31 107 
20 161 31 161 
20 172 30 172 
20 201 25 202 
20 231 31 231 
20 246 31 246 
21 0 25 1 
21 14 32 14 
21 21 24 23 
21 71 32 71 
21 74 32 74 
21 76 30 76 
21 93 32 93 
21 94 29 94 
21 98 32 98 
21 99 32 99 
21 105 32 105 
21 106 32 106 
21 109 32 109 
21 110 29 110 
21 126 32 126 
21 132 32 132 
21 135 29 135 
21 151 31 151 
21 154 32 154 
21 170 32 170 
21 175 28 175 
21 176 31 176 
21 193 31 193 
21 210 29 210 
21 218 31 218 
21 225 31 225 
21 245 32 245 
21 247 32 247 
22 44 33 44 
22 51 33 51 
22 90 27 91 
22 92 30 92 
22 118 33 118 
22 119 31 119 
22 147 26 148 
22 159 33 159 
22 179 33 179 
22 187 32 187 
22 195 31 195 
22 199 33 199 
22 219 32 219 
22 226 33 226 
22 227 31 227 
22 228 32 228 
22 249 33 249 
23 10 32 10 
23 11 32 11 
23 15 34 15 
23 18 34 18 
23 37 33 37 
23 48 31 48 
23 95 31 95 
23 97 34 97 
23 108 34 108 
23 113 28 114 
23 123 33 123 
23 129 28 130 
23 149 31 149 
23 163 33 163 
23 173 33 173 
23 190 27 191 
23 194 34 194 
23 211 31 211 
23 212 30 212 
24 38 34 38 
24 49 33 49 
24 53 34 53 
24 55 35 55 
24 56 32 56 
24 58 35 58 
24 68 34 68 
24 84 33 84 
24 89 35 89 
24 101 35 101 
24 112 33 112 
24 128 34 128 
24 136 34 136 
24 139 33 139 
24 152 34 152 
24 155 32 155 
24 164 35 164 
24 181 33 181 
24 182 33 182 
24 209 33 209 
24 213 32 213 
24 214 35 214 
24 215 35 215 
24 222 29 223 
24 229 35 229 
24 230 32 230 
24 248 34 248 
25 20 27 23 
25 34 36 34 
25 36 36 36 
25 41 34 41 
25 42 32 42 
25 43 36 43 
25 50 36 50 
25 59 36 59 
25 80 33 80 
25 82 34 82 
25 85 33 85 
25 100 36 100 
25 103 36 103 
25 127 36 127 
25 133 35 133 
25 134 36 134 
25 145 35 145 
25 146 35 146 
25 162 33 162 
25 184 33 184 
25 185 29 186 
25 200 36 200 
25 203 36 203 
25 232 28 234 
25 238 36 238 
25 241 36 241 
26 0 35 0 
26 1 37 1 
26 2 37 2 
26 16 34 16 
26 25 30 26 
26 29 31 30 
26 33 36 33 
26 52 35 52 
26 77 37 77 
26 83 37 83 
26 87 36 87 
26 116 37 116 
26 122 37 122 
26 124 37 124 
26 156 36 156 
26 166 35 166 
26 178 37 178 
26 189 34 189 
26 192 37 192 
26 196 37 196 
26 201 36 201 
26 202 37 202 
26 220 35 220 
27 5 38 5 
27 6 37 6 
27 13 38 13 
27 24 38 24 
27 31 34 31 
27 54 35 54 
27 65 36 65 
27 78 36 78 
27 102 36 102 
27 147 34 147 
27 148 37 148 
27 174 38 174 
27 183 37 183 
27 221 38 221 
27 235 38 235 
27 237 35 237 
27 244 36 244 
28 19 39 19 
28 20 33 21 
28 22 32 23 
28 32 39 32 
28 46 32 47 
28 60 39 60 
28 69 36 69 
28 75 36 75 
28 90 33 91 
28 104 39 104 
28 111 39 111 
28 131 39 131 
28 140 39 140 
28 143 39 143 
28 150 36 150 
28 167 36 167 
28 168 37 168 
28 171 39 171 
28 190 36 190 
28 191 37 191 
28 204 39 204 
28 217 39 217 
28 236 39 236 
28 240 38 240 
29 3 40 3 
29 8 40 8 
29 35 40 35 
29 61 40 61 
29 64 38 64 
29 113 34 114 
29 120 40 120 
29 129 40 129 
29 130 40 130 
29 138 37 138 
29 158 40 158 
29 177 40 177 
29 180 39 180 
29 208 40 208 
29 216 40 216 
29 224 39 224 
29 232 38 232 
29 233 37 233 
29 234 39 234 
29 239 38 239 
29 242 38 242 
30 7 40 7 
30 12 37 12 
30 17 39 17 
30 39 41 39 
30 63 38 63 
30 94 41 94 
30 96 41 96 
30 115 41 115 
30 117 41 117 
30 121 41 121 
30 135 38 135 
30 137 41 137 
30 142 41 142 
30 144 41 144 
30 157 40 157 
30 185 35 186 
30 197 39 197 
30 206 41 206 
30 207 39 207 
30 210 40 210 
30 222 38 222 
30 223 41 223 
30 243 41 243 
31 9 41 9 
31 25 42 25 
31 26 40 26 
31 27 35 28 
31 57 42 57 
31 62 42 62 
31 66 40 66 
31 67 40 67 
31 76 42 76 
31 79 41 79 
31 92 39 92 
31 125 42 125 
31 141 42 141 
31 160 40 160 
31 165 42 165 
31 169 42 169 
31 172 42 172 
31 188 41 188 
31 198 40 198 
31 205 41 205 
32 29 42 29 
32 30 41 30 
32 48 40 48 
32 72 43 72 
32 81 43 81 
32 86 43 86 
32 88 43 88 
32 95 42 95 
32 107 43 107 
32 110 43 110 
32 119 43 119 
32 149 43 149 
32 151 42 151 
32 161 43 161 
32 175 37 176 
32 193 43 193 
32 211 42 211 
32 218 40 218 
32 227 43 227 
32 231 42 231 
32 246 42 246 
33 10 43 10 
33 11 44 11 
33 14 40 14 
33 22 44 22 
33 23 44 23 
33 42 44 42 
33 47 43 47 
33 71 44 71 
33 73 37 74 
33 93 43 93 
33 98 44 98 
33 99 43 99 
33 105 37 106 
33 109 41 109 
33 126 44 126 
33 153 36 155 
33 170 43 170 
33 187 41 187 
33 212 37 213 
33 219 42 219 
33 228 41 228 
33 230 44 230 
33 247 40 247 
34 20 42 20 
34 21 44 21 
34 37 44 37 
34 44 43 44 
34 49 41 49 
34 51 44 51 
34 70 45 70 
34 80 43 80 
34 84 39 85 
34 90 38 91 
34 112 43 112 
34 123 44 123 
34 139 44 139 
34 162 45 162 
34 163 44 163 
34 173 44 173 
34 179 44 179 
34 181 43 181 
34 182 42 182 
34 184 45 184 
34 209 45 209 
34 225 39 226 
34 249 45 249 
35 4 46 4 
35 15 45 15 
35 16 45 16 
35 18 42 18 
35 31 44 31 
35 38 45 38 
35 41 46 41 
35 53 44 53 
35 68 45 68 
35 97 42 97 
35 108 46 108 
35 114 46 114 
35 128 46 128 
35 136 43 136 
35 147 44 147 
35 152 44 152 
35 194 43 194 
35 195 46 195 
35 199 46 199 
35 248 46 248 
36 27 40 28 
36 45 41 46 
36 52 44 52 
36 54 46 54 
36 55 44 55 
36 58 45 58 
36 89 46 89 
36 101 47 101 
36 133 44 133 
36 145 40 146 
36 164 45 164 
36 166 47 166 
36 185 46 185 
36 186 45 186 
36 214 45 214 
36 215 45 215 
36 220 44 220 
36 229 47 229 
36 237 47 237 
36 245 47 245 
37 33 46 33 
37 34 45 34 
37 36 48 36 
37 43 44 43 
37 59 48 59 
37 65 48 65 
37 69 48 69 
37 75 48 75 
37 78 46 78 
37 82 48 82 
37 87 47 87 
37 102 47 102 
37 103 47 103 
37 113 48 113 
37 127 48 127 
37 134 47 134 
37 153 40 155 
37 156 48 156 
37 167 48 167 
37 189 42 190 
37 200 47 200 
37 201 48 201 
37 203 47 203 
37 238 48 238 
37 241 47 241 
37 244 46 244 
38 1 47 1 
38 2 48 2 
38 6 48 6 
38 12 49 12 
38 40 49 40 
38 50 49 50 
38 73 48 73 
38 74 48 74 
38 77 49 77 
38 83 49 83 
38 105 46 105 
38 106 46 106 
38 116 46 116 
38 122 48 122 
38 124 47 124 
38 138 49 138 
38 148 45 148 
38 150 49 150 
38 159 49 159 
38 168 48 168 
38 175 43 176 
38 178 49 178 
38 191 47 191 
38 192 49 192 
38 196 49 196 
38 213 46 213 
38 233 49 233 
39 13 50 13 
39 24 48 24 
39 63 49 63 
39 64 50 64 
39 90 43 91 
39 135 50 135 
39 221 49 221 
39 222 50 222 
39 232 50 232 
39 235 50 235 
39 239 50 239 
39 240 48 240 
39 242 46 242 
40 5 51 5 
40 17 51 17 
40 32 47 32 
40 60 48 60 
40 84 48 84 
40 85 50 85 
40 92 48 92 
40 104 51 104 
40 111 50 111 
40 131 44 132 
40 140 50 140 
40 171 51 171 
40 180 49 180 
40 183 51 183 
40 197 50 197 
40 204 49 204 
40 207 51 207 
40 212 51 212 
40 224 44 225 
40 226 50 226 
40 234 51 234 
40 236 51 236 
41 3 52 3 
41 7 45 8 
41 14 49 14 
41 26 52 26 
41 27 50 27 
41 28 52 28 
41 35 50 35 
41 48 52 48 
41 61 49 61 
41 66 46 67 
41 120 48 120 
41 129 50 129 
41 130 48 130 
41 146 52 146 
41 153 44 155 
41 157 51 157 
41 158 52 158 
41 160 48 160 
41 177 50 177 
41 198 51 198 
41 208 52 208 
41 218 52 218 
41 247 51 247 
42 0 53 0 
42 9 52 9 
42 30 52 30 
42 39 50 39 
42 45 50 45 
42 46 52 46 
42 49 52 49 
42 79 51 79 
42 94 52 94 
42 96 53 96 
42 109 53 109 
42 115 53 115 
42 117 51 117 
42 121 53 121 
42 137 53 137 
42 142 45 144 
42 145 53 145 
42 187 46 188 
42 205 51 205 
42 206 53 206 
42 216 53 216 
42 223 52 223 
42 228 52 228 
42 243 53 243 
43 18 54 18 
43 19 48 20 
43 25 54 25 
43 29 52 29 
43 56 48 57 
43 62 54 62 
43 76 54 76 
43 95 53 95 
43 97 54 97 
43 100 54 100 
43 118 54 118 
43 125 53 125 
43 141 52 141 
43 151 52 151 
43 165 53 165 
43 169 50 169 
43 172 54 172 
43 182 53 182 
43 189 52 189 
43 190 54 190 
43 210 47 211 
43 231 53 231 
43 246 53 246 
44 44 53 44 
44 47 55 47 
44 72 52 72 
44 80 54 80 
44 81 53 81 
44 86 55 86 
44 88 53 88 
44 90 53 90 
44 91 55 91 
44 93 55 93 
44 99 52 99 
44 107 55 107 
44 110 52 110 
44 112 52 112 
44 119 53 119 
44 136 55 136 
44 149 54 149 
44 161 54 161 
44 170 55 170 
44 174 49 175 
44 176 55 176 
44 181 51 181 
44 193 49 194 
44 219 55 219 
44 227 55 227 
45 10 50 11 
45 21 49 22 
45 31 55 31 
45 37 54 37 
45 42 54 42 
45 43 56 43 
45 51 53 51 
45 52 55 52 
45 55 55 55 
45 71 53 71 
45 98 56 98 
45 123 56 123 
45 126 54 126 
45 131 55 131 
45 132 49 133 
45 139 54 139 
45 147 54 147 
45 152 54 152 
45 153 56 153 
45 154 56 154 
45 155 56 155 
45 163 52 163 
45 179 54 179 
45 202 56 202 
45 220 53 220 
45 224 55 224 
45 225 55 225 
45 230 53 230 
46 7 57 7 
46 8 55 8 
46 15 50 16 
46 23 57 23 
46 34 57 34 
46 38 56 38 
46 53 57 53 
46 68 57 68 
46 70 56 70 
46 142 56 142 
46 143 51 144 
46 148 54 148 
46 162 54 162 
46 164 57 164 
46 184 54 184 
46 186 57 186 
46 214 56 214 
46 215 53 215 
46 217 57 217 
47 4 57 4 
47 33 57 33 
47 41 54 41 
47 66 56 66 
47 67 57 67 
47 78 56 78 
47 89 54 89 
47 105 55 105 
47 106 57 106 
47 108 57 108 
47 114 57 114 
47 116 56 116 
47 128 55 128 
47 185 57 185 
47 187 52 188 
47 195 57 195 
47 199 55 199 
47 213 54 213 
47 242 58 242 
47 244 58 244 
47 248 57 248 
48 1 58 1 
48 32 59 32 
48 87 57 87 
48 101 59 101 
48 103 59 103 
48 124 56 124 
48 134 59 134 
48 166 57 166 
48 191 57 191 
48 200 57 200 
48 203 56 203 
48 210 53 211 
48 229 58 229 
48 241 57 241 
48 249 59 249 
49 2 60 2 
49 6 58 6 
49 19 59 19 
49 20 59 20 
49 24 59 24 
49 36 60 36 
49 54 60 54 
49 56 60 56 
49 57 51 60 
49 65 60 65 
49 69 59 69 
49 73 52 75 
49 84 58 84 
49 113 60 113 
49 120 60 120 
49 122 56 122 
49 127 59 127 
49 130 60 130 
49 160 58 160 
49 167 59 167 
49 168 58 168 
49 173 60 173 
49 201 59 201 
49 245 60 245 
50 12 60 12 
50 14 61 14 
50 21 59 21 
50 22 61 22 
50 40 61 40 
50 50 59 50 
50 61 59 61 
50 63 60 63 
50 77 60 77 
50 82 54 83 
50 102 61 102 
50 132 54 133 
50 138 58 138 
50 150 60 150 
50 174 55 175 
50 178 60 178 
50 180 60 180 
50 192 59 192 
50 193 60 193 
50 194 61 194 
50 196 61 196 
50 204 58 204 
50 209 61 209 
50 221 58 221 
50 233 57 233 
51 10 62 10 
51 11 60 11 
51 13 61 13 
51 15 55 16 
51 27 61 27 
51 45 62 45 
51 64 60 64 
51 85 59 85 
51 111 62 111 
51 135 60 135 
51 140 62 140 
51 177 62 177 
51 222 58 222 
51 232 58 232 
51 235 60 235 
51 237 62 237 
51 238 62 238 
51 239 62 239 
52 5 61 5 
52 39 63 39 
52 57 60 57 
52 58 55 60 
52 79 63 79 
52 104 61 104 
52 117 60 117 
52 129 63 129 
52 143 59 143 
52 144 61 144 
52 156 57 157 
52 169 63 169 
52 171 63 171 
52 181 63 181 
52 183 62 183 
52 197 63 197 
52 198 63 198 
52 205 60 205 
52 212 63 212 
52 226 63 226 
52 234 62 234 
52 247 61 247 
53 3 63 3 
53 9 63 9 
53 28 58 29 
53 30 63 30 
53 46 60 46 
53 48 63 48 
53 49 64 49 
53 72 63 72 
53 73 63 73 
53 74 63 74 
53 75 62 75 
53 94 62 94 
53 99 62 99 
53 110 62 110 
53 112 62 112 
53 146 63 146 
53 151 60 151 
53 158 58 159 
53 163 61 163 
53 187 58 188 
53 189 62 189 
53 207 58 208 
53 218 64 218 
53 223 60 223 
54 0 63 0 
54 44 63 44 
54 51 64 51 
54 71 62 71 
54 81 65 81 
54 88 65 88 
54 90 65 90 
54 95 58 96 
54 109 63 109 
54 115 65 115 
54 119 63 119 
54 125 63 125 
54 137 61 137 
54 145 64 145 
54 165 64 165 
54 182 64 182 
54 206 65 206 
54 210 63 210 
54 211 64 211 
54 215 59 216 
54 220 63 220 
54 230 65 230 
54 231 63 231 
54 240 65 240 
54 246 64 246 
55 17 59 18 
55 25 59 26 
55 37 62 37 
55 41 60 42 
55 76 66 76 
55 80 64 80 
55 82 60 83 
55 89 65 89 
55 100 66 100 
55 118 66 118 
55 126 65 126 
55 132 60 133 
55 141 66 141 
55 147 58 149 
55 152 66 152 
55 161 66 161 
55 162 63 162 
55 172 66 172 
55 179 66 179 
55 184 66 184 
55 190 66 190 
55 213 64 213 
55 243 66 243 
56 8 67 8 
56 15 67 15 
56 16 66 16 
56 31 65 31 
56 47 65 47 
56 52 64 52 
56 55 64 55 
56 58 60 59 
56 60 64 60 
56 86 66 86 
56 91 66 91 
56 92 67 92 
56 93 64 93 
56 97 67 97 
56 105 63 105 
56 107 67 107 
56 131 64 131 
56 136 63 136 
56 139 67 139 
56 174 61 175 
56 176 63 176 
56 219 66 219 
56 224 67 224 
56 225 67 225 
56 227 66 227 
57 66 68 66 
57 78 67 78 
57 98 67 98 
57 121 59 124 
57 128 68 128 
57 142 68 142 
57 153 67 153 
57 154 62 155 
57 202 66 202 
57 203 68 203 
57 214 67 214 
58 4 69 4 
58 7 69 7 
58 23 69 23 
58 33 61 35 
58 53 69 53 
58 62 69 62 
58 67 68 67 
58 68 69 68 
58 70 69 70 
58 87 67 87 
58 106 68 106 
58 108 68 108 
58 114 68 114 
58 156 68 156 
58 157 68 157 
58 164 69 164 
58 185 67 185 
58 186 67 186 
58 191 69 191 
58 195 67 195 
58 199 69 199 
58 200 68 200 
58 217 69 217 
58 233 65 233 
58 241 69 241 
58 248 69 248 
59 28 67 28 
59 29 66 29 
59 84 70 84 
59 95 69 95 
59 96 68 96 
59 138 68 138 
59 147 64 148 
59 149 68 149 
59 158 69 158 
59 159 69 159 
59 160 70 160 
59 187 70 187 
59 188 66 188 
59 204 69 204 
59 207 69 207 
59 208 70 208 
59 221 66 221 
59 228 64 229 
59 232 67 232 
59 242 68 242 
59 244 68 244 
60 1 71 1 
60 17 71 17 
60 18 69 18 
60 19 70 19 
60 20 69 20 
60 24 65 25 
60 26 70 26 
60 32 71 32 
60 50 71 50 
60 61 71 61 
60 69 70 69 
60 85 71 85 
60 101 68 101 
60 121 71 121 
60 122 63 124 
60 127 69 127 
60 134 71 134 
60 143 71 143 
60 166 65 167 
60 168 71 168 
60 201 71 201 
60 215 65 216 
60 249 71 249 
61 2 68 2 
61 11 70 11 
61 12 70 12 
61 36 70 36 
61 38 72 38 
61 41 70 41 
61 42 70 42 
61 46 69 46 
61 54 72 54 
61 56 64 58 
61 59 71 59 
61 63 72 63 
61 64 72 64 
61 82 68 82 
61 83 71 83 
61 103 72 103 
61 113 69 113 
61 116 65 117 
61 120 70 120 
61 130 72 130 
61 133 71 133 
61 135 72 135 
61 150 72 150 
61 151 71 151 
61 173 70 173 
61 178 72 178 
61 180 71 180 
61 193 71 193 
61 205 72 205 
61 222 66 223 
61 245 71 245 
62 5 73 5 
62 13 72 13 
62 14 71 14 
62 21 67 22 
62 33 71 33 
62 34 67 35 
62 40 71 40 
62 65 73 65 
62 102 70 102 
62 104 73 104 
62 132 73 132 
62 137 72 137 
62 144 70 144 
62 163 73 163 
62 174 71 174 
62 175 73 175 
62 194 71 194 
62 196 70 196 
62 247 72 247 
63 10 74 10 
63 37 74 37 
63 45 72 45 
63 71 74 71 
63 75 74 75 
63 94 73 94 
63 99 71 99 
63 110 72 110 
63 111 73 111 
63 112 74 112 
63 140 72 140 
63 154 68 155 
63 177 73 177 
63 183 71 183 
63 189 73 189 
63 234 74 234 
63 235 74 235 
63 237 68 238 
64 0 72 0 
64 3 75 3 
64 9 73 9 
64 30 73 30 
64 39 73 39 
64 43 69 44 
64 48 71 48 
64 72 74 72 
64 73 73 73 
64 74 72 74 
64 79 72 79 
64 105 75 105 
64 109 73 109 
64 122 74 122 
64 123 69 124 
64 125 75 125 
64 129 73 129 
64 146 75 146 
64 162 74 162 
64 169 72 169 
64 170 69 171 
64 176 73 176 
64 181 73 181 
64 192 75 192 
64 197 75 197 
64 209 69 210 
64 212 72 212 
64 220 73 220 
64 226 74 226 
64 231 73 231 
65 49 74 49 
65 51 74 51 
65 55 68 57 
65 80 72 80 
65 93 72 93 
65 145 74 145 
65 147 74 147 
65 148 73 148 
65 165 74 165 
65 211 74 211 
65 213 74 213 
65 218 76 218 
65 228 76 228 
65 229 73 229 
65 246 73 246 
66 6 77 6 
66 24 76 24 
66 25 77 25 
66 31 74 31 
66 47 77 47 
66 52 77 52 
66 81 76 81 
66 88 71 89 
66 90 75 90 
66 115 76 115 
66 116 71 117 
66 126 75 126 
66 131 77 131 
66 166 71 167 
66 206 76 206 
66 215 70 216 
66 230 76 230 
66 233 77 233 
67 16 75 16 
67 29 78 29 
67 58 78 58 
67 76 72 77 
67 86 78 86 
67 91 78 91 
67 100 78 100 
67 118 77 118 
67 136 78 136 
67 152 75 152 
67 161 75 161 
67 172 78 172 
67 179 76 179 
67 184 77 184 
67 190 77 190 
67 198 78 198 
67 202 78 202 
67 219 78 219 
67 221 72 222 
67 227 77 227 
67 236 78 236 
67 243 76 243 
68 8 78 8 
68 15 79 15 
68 28 79 28 
68 34 78 34 
68 35 78 35 
68 60 79 60 
68 78 78 78 
68 87 79 87 
68 92 79 92 
68 97 78 97 
68 98 78 98 
68 107 79 107 
68 119 79 119 
68 139 78 139 
68 141 79 141 
68 153 78 153 
68 185 73 186 
68 188 79 188 
68 195 79 195 
68 214 79 214 
68 223 71 225 
68 232 78 232 
68 239 73 240 
69 2 78 2 
69 21 80 21 
69 56 80 56 
69 57 79 57 
69 66 80 66 
69 67 78 67 
69 82 80 82 
69 96 80 96 
69 101 78 101 
69 106 77 106 
69 114 80 114 
69 138 79 138 
69 142 76 142 
69 149 80 149 
69 154 79 154 
69 155 72 157 
69 200 79 200 
69 203 80 203 
69 237 80 237 
69 238 77 238 
69 242 79 242 
70 4 80 4 
70 7 80 7 
70 18 80 18 
70 20 79 20 
70 22 74 23 
70 44 80 44 
70 53 78 53 
70 55 81 55 
70 62 78 62 
70 68 78 68 
70 95 80 95 
70 113 80 113 
70 123 77 123 
70 124 80 124 
70 127 75 128 
70 158 80 158 
70 159 80 159 
70 164 81 164 
70 170 81 170 
70 171 81 171 
70 191 78 191 
70 204 81 204 
70 207 80 207 
70 209 80 209 
70 210 81 210 
70 217 81 217 
70 244 81 244 
70 248 79 248 
71 11 76 12 
71 26 82 26 
71 36 80 36 
71 41 75 42 
71 43 82 43 
71 46 82 46 
71 69 80 69 
71 84 82 84 
71 102 80 102 
71 144 80 144 
71 160 81 160 
71 173 80 173 
71 187 82 187 
71 208 80 208 
71 215 82 215 
71 216 81 216 
72 1 83 1 
72 14 83 14 
72 17 82 17 
72 32 80 32 
72 40 80 40 
72 48 80 48 
72 59 80 59 
72 61 79 61 
72 83 83 83 
72 85 82 85 
72 88 82 88 
72 89 82 89 
72 99 83 99 
72 116 77 117 
72 121 83 121 
72 133 76 134 
72 143 81 143 
72 151 82 151 
72 166 77 167 
72 168 79 168 
72 174 81 174 
72 180 80 180 
72 182 77 183 
72 193 83 193 
72 194 83 194 
72 223 83 223 
72 224 77 225 
72 245 81 245 
72 249 82 249 
73 0 83 0 
73 13 83 13 
73 45 83 45 
73 50 84 50 
73 54 83 54 
73 63 84 63 
73 64 84 64 
73 74 82 74 
73 76 77 77 
73 79 83 79 
73 80 83 80 
73 93 84 93 
73 103 83 103 
73 108 84 108 
73 130 81 130 
73 135 84 135 
73 137 84 137 
73 150 83 150 
73 156 83 156 
73 157 83 157 
73 169 84 169 
73 178 82 178 
73 205 81 205 
73 212 80 212 
73 221 78 222 
73 247 82 247 
74 5 82 5 
74 9 82 9 
74 27 85 27 
74 30 82 30 
74 33 85 33 
74 38 79 39 
74 65 84 65 
74 73 84 73 
74 94 83 94 
74 104 83 104 
74 109 84 109 
74 129 84 129 
74 132 85 132 
74 140 85 140 
74 148 85 148 
74 163 83 163 
74 175 78 176 
74 177 85 177 
74 181 83 181 
74 185 78 186 
74 201 85 201 
74 220 81 220 
74 229 85 229 
74 231 83 231 
74 246 82 246 
75 10 83 10 
75 22 84 22 
75 23 83 23 
75 31 86 31 
75 37 85 37 
75 49 83 49 
75 51 86 51 
75 70 78 72 
75 75 83 75 
75 110 86 110 
75 111 86 111 
75 112 85 112 
75 145 85 145 
75 147 83 147 
75 162 85 162 
75 165 86 165 
75 189 86 189 
75 211 86 211 
75 213 85 213 
75 226 85 226 
75 234 82 234 
75 235 84 235 
75 239 86 239 
76 16 83 16 
76 41 87 41 
76 42 86 42 
76 90 85 90 
76 105 86 105 
76 122 87 122 
76 125 84 125 
76 126 79 128 
76 146 87 146 
76 152 87 152 
76 155 87 155 
76 161 86 161 
76 192 85 192 
76 197 87 197 
77 3 88 3 
77 11 82 12 
77 19 88 19 
77 24 84 24 
77 81 88 81 
77 115 87 115 
77 133 87 133 
77 134 88 134 
77 142 88 142 
77 179 86 179 
77 206 85 206 
77 218 86 218 
77 228 85 228 
77 230 88 230 
78 6 85 6 
78 25 89 25 
78 47 89 47 
78 52 89 52 
78 106 89 106 
78 116 82 117 
78 118 88 118 
78 123 85 123 
78 131 87 131 
78 166 82 167 
78 182 81 184 
78 190 87 190 
78 199 89 199 
78 224 87 224 
78 225 88 225 
78 227 88 227 
78 238 88 238 
78 241 89 241 
79 2 90 2 
79 8 89 8 
79 29 89 29 
79 34 90 34 
79 35 89 35 
79 53 86 53 
79 58 88 58 
79 62 90 62 
79 70 84 71 
79 76 90 76 
79 77 84 78 
79 91 89 91 
79 97 90 97 
79 98 90 98 
79 100 90 100 
79 101 88 101 
79 136 87 136 
79 139 88 139 
79 153 90 153 
79 172 90 172 
79 175 88 175 
79 176 90 176 
79 186 90 186 
79 191 90 191 
79 198 90 198 
79 202 89 202 
79 219 86 219 
79 221 83 222 
79 232 90 232 
79 236 89 236 
79 240 90 240 
80 20 90 20 
80 28 88 28 
80 38 91 38 
80 39 91 39 
80 57 91 57 
80 60 84 61 
80 72 91 72 
80 86 85 87 
80 92 89 92 
80 107 87 107 
80 119 91 119 
80 126 84 127 
80 128 91 128 
80 138 90 138 
80 141 91 141 
80 154 91 154 
80 168 90 168 
80 188 91 188 
80 200 90 200 
80 214 91 214 
80 242 91 242 
80 248 89 248 
81 4 91 4 
81 7 91 7 
81 18 91 18 
81 21 92 21 
81 36 91 36 
81 40 91 40 
81 44 89 44 
81 48 92 48 
81 56 92 56 
81 59 91 59 
81 66 92 66 
81 67 92 67 
81 68 85 69 
81 82 90 82 
81 95 91 95 
81 96 92 96 
81 113 86 114 
81 124 90 124 
81 144 90 144 
81 149 91 149 
81 158 88 158 
81 159 91 159 
81 173 91 173 
81 180 91 180 
81 203 92 203 
81 207 89 207 
81 208 85 209 
81 212 89 212 
81 237 90 237 
82 130 89 130 
82 143 93 143 
82 164 93 164 
82 170 93 170 
82 171 93 171 
82 174 93 174 
82 182 84 185 
82 204 87 205 
82 210 90 210 
82 216 93 216 
82 217 93 217 
82 220 93 220 
82 233 93 233 
82 243 85 245 
83 5 94 5 
83 9 94 9 
83 11 88 12 
83 17 93 17 
83 26 94 26 
83 30 93 30 
83 46 94 46 
83 74 94 74 
83 84 91 84 
83 85 94 85 
83 88 93 88 
83 89 93 89 
83 116 94 116 
83 117 90 117 
83 151 93 151 
83 166 88 167 
83 178 94 178 
83 187 94 187 
83 195 94 195 
83 234 94 234 
83 246 87 247 
84 0 89 1 
84 10 95 10 
84 13 89 14 
84 15 88 16 
84 23 95 23 
84 45 95 45 
84 54 92 54 
84 75 95 75 
84 79 91 79 
84 80 95 80 
84 83 92 83 
84 94 94 94 
84 102 88 103 
84 104 95 104 
84 120 88 121 
84 147 94 147 
84 156 91 156 
84 157 93 157 
84 160 95 160 
84 163 94 163 
84 181 93 181 
84 193 89 194 
84 221 95 221 
84 222 89 223 
84 231 91 231 
85 22 96 22 
85 24 95 24 
85 49 89 50 
85 60 94 60 
85 61 95 61 
85 63 96 63 
85 64 90 65 
85 70 93 70 
85 71 95 71 
85 73 96 73 
85 77 94 77 
85 78 94 78 
85 93 93 93 
85 99 96 99 
85 108 96 108 
85 109 96 109 
85 125 88 127 
85 129 95 129 
85 135 96 135 
85 137 92 137 
85 150 96 150 
85 169 96 169 
85 182 96 182 
85 183 96 183 
85 184 90 185 
85 235 95 235 
86 6 94 6 
86 27 97 27 
86 33 95 33 
86 37 97 37 
86 55 97 55 
86 69 97 69 
86 86 93 86 
86 87 96 87 
86 90 97 90 
86 112 94 112 
86 123 95 123 
86 132 96 132 
86 140 97 140 
86 145 96 145 
86 148 96 148 
86 162 94 162 
86 177 94 177 
86 201 97 201 
86 206 93 206 
86 208 90 209 
86 213 96 213 
86 226 97 226 
86 228 95 228 
86 229 94 229 
86 243 91 244 
86 245 95 245 
86 249 97 249 
87 31 98 31 
87 32 98 32 
87 42 98 42 
87 51 95 51 
87 53 96 53 
87 105 96 105 
87 110 92 111 
87 113 95 113 
87 161 96 161 
87 165 96 165 
87 189 97 189 
87 192 98 192 
87 218 92 219 
87 239 98 239 
88 41 99 41 
88 107 98 107 
88 114 93 115 
88 122 97 122 
88 131 99 131 
88 133 99 133 
88 136 99 136 
88 152 97 152 
88 155 99 155 
88 179 99 179 
88 190 98 190 
88 197 98 197 
88 204 92 205 
88 211 99 211 
88 246 99 246 
88 247 99 247 
89 3 100 3 
89 11 99 11 
89 12 100 12 
89 15 100 15 
89 16 100 16 
89 19 100 19 
89 28 96 28 
89 81 99 81 
89 102 100 102 
89 103 97 103 
89 118 100 118 
89 120 94 121 
89 125 92 127 
89 134 100 134 
89 139 99 139 
89 142 97 142 
89 158 99 158 
89 166 94 167 
89 225 99 225 
89 227 99 227 
89 230 97 230 
89 238 98 238 
90 0 94 1 
90 8 98 8 
90 13 99 13 
90 14 100 14 
90 25 97 25 
90 29 101 29 
90 35 100 35 
90 47 101 47 
90 49 99 49 
90 50 100 50 
90 52 99 52 
90 68 101 68 
90 91 99 91 
90 92 99 92 
90 106 100 106 
90 130 100 130 
90 193 95 194 
90 196 101 196 
90 199 101 199 
90 202 101 202 
90 207 101 207 
90 212 99 212 
90 222 97 222 
90 223 95 224 
90 236 101 236 
90 241 101 241 
90 248 101 248 
91 2 100 2 
91 62 100 62 
91 64 95 65 
91 76 102 76 
91 82 99 82 
91 97 99 97 
91 98 102 98 
91 100 102 100 
91 117 102 117 
91 124 102 124 
91 138 100 138 
91 144 101 144 
91 153 101 153 
91 168 100 168 
91 172 100 172 
91 175 96 176 
91 184 94 186 
91 191 101 191 
91 198 100 198 
91 200 99 200 
91 208 102 208 
91 209 95 210 
91 215 102 215 
91 232 101 232 
91 237 102 237 
91 240 101 240 
92 4 99 4 
92 34 103 34 
92 36 100 36 
92 38 103 38 
92 39 103 39 
92 40 101 40 
92 43 97 44 
92 57 96 58 
92 59 103 59 
92 72 101 72 
92 79 102 79 
92 84 99 84 
92 95 101 95 
92 101 103 101 
92 119 103 119 
92 128 100 128 
92 141 99 141 
92 146 103 146 
92 149 101 149 
92 154 101 154 
92 159 103 159 
92 180 99 180 
92 188 99 188 
92 214 102 214 
92 231 103 231 
92 242 96 243 
92 244 103 244 
93 20 97 21 
93 48 104 48 
93 54 104 54 
93 56 104 56 
93 66 98 67 
93 83 104 83 
93 96 103 96 
93 111 104 111 
93 125 96 127 
93 137 104 137 
93 203 98 204 
93 205 101 205 
93 218 97 219 
94 7 105 7 
94 17 103 17 
94 30 105 30 
94 70 105 70 
94 86 105 86 
94 88 98 89 
94 93 104 93 
94 115 103 115 
94 143 104 143 
94 151 104 151 
94 156 99 157 
94 164 102 164 
94 170 105 170 
94 171 103 171 
94 174 105 174 
94 181 103 181 
94 206 102 206 
94 216 98 217 
94 220 105 220 
94 233 104 233 
95 1 105 1 
95 5 105 5 
95 6 106 6 
95 9 104 9 
95 26 106 26 
95 46 105 46 
95 60 104 60 
95 74 102 74 
95 77 100 78 
95 85 103 85 
95 94 105 94 
95 110 106 110 
95 112 102 112 
95 116 105 116 
95 120 100 121 
95 147 104 147 
95 162 105 162 
95 166 106 166 
95 167 106 167 
95 177 100 178 
95 185 98 187 
95 195 102 195 
95 234 103 234 
96 10 106 10 
96 23 106 23 
96 33 106 33 
96 45 106 45 
96 51 107 51 
96 61 106 61 
96 64 103 64 
96 65 107 65 
96 75 105 75 
96 80 103 80 
96 104 104 104 
96 113 101 114 
96 123 106 123 
96 129 107 129 
96 160 107 160 
96 193 107 193 
96 194 107 194 
96 209 105 209 
96 221 107 221 
96 223 106 223 
96 224 107 224 
96 228 101 229 
96 235 107 235 
96 245 106 245 
97 22 106 22 
97 53 105 53 
97 58 108 58 
97 71 108 71 
97 73 107 73 
97 87 107 87 
97 105 106 105 
97 108 105 108 
97 125 100 127 
97 132 108 132 
97 135 106 135 
97 145 106 145 
97 150 108 150 
97 161 107 161 
97 165 106 165 
97 169 107 169 
97 175 108 175 
97 176 108 176 
97 182 100 184 
97 213 105 213 
97 242 106 242 
97 243 106 243 
98 20 107 20 
98 24 109 24 
98 25 108 25 
98 27 106 27 
98 37 108 37 
98 43 107 43 
98 44 108 44 
98 57 109 57 
98 69 109 69 
98 103 109 103 
98 109 109 109 
98 122 108 122 
98 140 108 140 
98 142 105 142 
98 152 108 152 
98 189 109 189 
98 201 109 201 
98 218 102 219 
98 226 109 226 
98 230 105 230 
99 8 108 8 
99 31 108 31 
99 32 109 32 
99 55 110 55 
99 63 110 63 
99 66 103 67 
99 88 110 88 
99 89 109 89 
99 107 110 107 
99 163 110 163 
99 185 103 186 
99 187 109 187 
99 190 106 190 
99 192 108 192 
99 197 110 197 
99 203 110 203 
99 204 109 204 
99 216 104 217 
99 222 110 222 
99 238 104 239 
100 0 111 0 
100 4 111 4 
100 13 111 13 
100 28 111 28 
100 41 109 41 
100 42 111 42 
100 49 108 49 
100 52 111 52 
100 81 105 82 
100 84 110 84 
100 90 105 91 
100 92 107 92 
100 97 110 97 
100 131 110 131 
100 136 111 136 
100 141 109 141 
100 155 105 156 
100 157 110 157 
100 158 108 158 
100 173 111 173 
100 179 104 180 
100 188 110 188 
100 200 111 200 
100 210 104 211 
100 212 110 212 
100 225 108 225 
100 227 108 227 
100 247 109 247 
101 2 106 3 
101 11 105 12 
101 14 105 15 
101 16 110 16 
101 19 112 19 
101 21 112 21 
101 35 108 35 
101 36 111 36 
101 50 112 50 
101 62 111 62 
101 77 110 77 
101 78 110 78 
101 102 109 102 
101 106 112 106 
101 120 105 121 
101 125 105 126 
101 127 111 127 
101 128 112 128 
101 130 109 130 
101 134 112 134 
101 138 105 139 
101 168 111 168 
101 172 112 172 
101 177 105 178 
101 182 109 182 
101 183 106 184 
101 198 112 198 
101 246 112 246 
102 40 111 40 
102 68 113 68 
102 72 112 72 
102 113 107 114 
102 144 111 144 
102 148 106 149 
102 153 113 153 
102 154 112 154 
102 191 109 191 
102 196 113 196 
102 199 112 199 
102 202 112 202 
102 205 112 205 
102 207 109 207 
102 228 107 229 
102 236 111 236 
102 240 107 241 
102 248 109 248 
103 74 114 74 
103 76 113 76 
103 79 111 79 
103 95 114 95 
103 98 114 98 
103 99 108 100 
103 112 114 112 
103 117 112 117 
103 124 112 124 
103 133 114 133 
103 164 112 164 
103 195 113 195 
103 206 114 206 
103 208 114 208 
103 214 108 215 
103 218 114 218 
103 237 114 237 
104 17 113 17 
104 34 115 34 
104 38 114 38 
104 39 115 39 
104 47 115 47 
104 59 115 59 
104 64 114 64 
104 66 112 66 
104 80 114 80 
104 85 114 85 
104 96 115 96 
104 101 113 101 
104 115 115 115 
104 119 114 119 
104 146 113 146 
104 171 113 171 
104 181 115 181 
104 185 112 185 
104 186 114 186 
104 231 115 231 
104 234 115 234 
104 244 113 244 
105 18 116 18 
105 48 115 48 
105 54 113 54 
105 56 115 56 
105 60 116 60 
105 83 116 83 
105 104 116 104 
105 111 113 111 
105 137 116 137 
105 143 116 143 
105 147 115 147 
105 151 115 151 
105 179 115 179 
105 180 116 180 
105 210 110 211 
105 216 109 217 
105 219 116 219 
105 232 110 233 
105 239 114 239 
106 1 117 1 
106 5 116 5 
106 7 116 7 
106 11 111 12 
106 14 115 14 
106 30 117 30 
106 46 113 46 
106 53 117 53 
106 67 117 67 
106 75 115 75 
106 81 111 82 
106 86 114 86 
106 90 110 91 
106 93 111 94 
106 108 117 108 
106 116 115 116 
106 120 115 120 
106 121 117 121 
106 125 111 126 
106 138 115 138 
106 139 115 139 
106 142 116 142 
106 155 111 156 
106 162 117 162 
106 170 114 170 
106 174 117 174 
106 177 114 177 
106 209 113 209 
106 220 116 220 
106 230 117 230 
107 2 118 2 
107 3 117 3 
107 6 118 6 
107 9 112 10 
107 15 118 15 
107 22 117 22 
107 23 118 23 
107 26 116 26 
107 27 118 27 
107 33 118 33 
107 45 116 45 
107 105 116 105 
107 110 117 110 
107 118 118 118 
107 123 115 123 
107 135 118 135 
107 145 117 145 
107 149 118 149 
107 165 118 165 
107 166 111 167 
107 178 118 178 
107 183 112 184 
107 190 118 190 
107 223 118 223 
107 242 112 243 
107 245 115 245 
108 43 116 43 
108 51 119 51 
108 65 117 65 
108 73 117 73 
108 87 115 87 
108 113 113 114 
108 129 117 129 
108 159 119 159 
108 160 113 161 
108 169 119 169 
108 193 115 193 
108 213 119 213 
108 221 119 221 
108 224 119 224 
108 228 112 229 
108 235 119 235 
108 240 119 240 
108 241 118 241 
108 249 119 249 
109 8 120 8 
109 20 120 20 
109 25 120 25 
109 31 118 31 
109 35 117 35 
109 37 118 37 
109 44 119 44 
109 58 119 58 
109 61 120 61 
109 70 114 71 
109 99 118 99 
109 100 119 100 
109 122 120 122 
109 132 117 132 
109 140 119 140 
109 152 120 152 
109 158 117 158 
109 176 119 176 
109 192 120 192 
109 214 120 214 
109 215 120 215 
109 225 118 225 
109 227 118 227 
109 238 120 238 
110 24 121 24 
110 29 121 29 
110 32 117 32 
110 41 119 41 
110 49 121 49 
110 57 121 57 
110 69 118 69 
110 89 119 89 
110 92 121 92 
110 102 120 102 
110 103 121 103 
110 130 121 130 
110 148 121 148 
110 150 121 150 
110 175 121 175 
110 182 121 182 
110 187 120 187 
110 189 120 189 
110 191 119 191 
110 194 121 194 
110 201 118 201 
110 204 121 204 
110 207 121 207 
110 216 114 217 
110 226 118 226 
110 247 114 248 
111 55 122 55 
111 63 120 63 
111 77 115 78 
111 84 121 84 
111 88 121 88 
111 91 119 91 
111 97 122 97 
111 107 122 107 
111 131 122 131 
111 157 122 157 
111 163 122 163 
111 188 119 188 
111 197 122 197 
111 203 122 203 
111 210 118 210 
111 211 115 212 
111 222 119 222 
111 232 116 233 
112 0 122 0 
112 4 122 4 
112 11 123 11 
112 13 120 13 
112 36 123 36 
112 40 121 40 
112 42 123 42 
112 52 123 52 
112 62 123 62 
112 81 116 82 
112 93 117 94 
112 125 122 125 
112 126 123 126 
112 127 121 127 
112 136 122 136 
112 144 121 144 
112 155 116 156 
112 166 120 166 
112 167 119 167 
112 168 123 168 
112 173 120 173 
112 236 123 236 
113 9 124 9 
113 10 123 10 
113 16 124 16 
113 19 121 19 
113 21 124 21 
113 50 124 50 
113 66 120 66 
113 72 122 72 
113 106 122 106 
113 109 124 109 
113 117 124 117 
113 124 120 124 
113 128 123 128 
113 134 124 134 
113 154 120 154 
113 164 123 164 
113 172 124 172 
113 183 118 184 
113 185 120 185 
113 198 116 200 
113 205 123 205 
113 228 117 229 
113 242 121 242 
113 243 122 243 
113 246 124 246 
114 28 125 28 
114 46 123 46 
114 68 124 68 
114 76 121 76 
114 101 125 101 
114 111 124 111 
114 113 123 113 
114 114 124 114 
114 141 125 141 
114 146 124 146 
114 153 124 153 
114 160 124 160 
114 161 125 161 
114 171 125 171 
114 195 119 196 
114 209 124 209 
114 244 121 244 
115 38 123 38 
115 71 125 71 
115 74 125 74 
115 80 125 80 
115 85 125 85 
115 86 126 86 
115 95 123 95 
115 98 125 98 
115 112 124 112 
115 119 126 119 
115 133 123 133 
115 170 126 170 
115 206 125 206 
115 208 123 208 
115 216 126 216 
115 217 125 217 
115 218 124 218 
115 237 126 237 
115 239 125 239 
115 247 119 248 
116 17 127 17 
116 34 127 34 
116 39 124 39 
116 47 127 47 
116 48 127 48 
116 56 125 56 
116 64 127 64 
116 75 127 75 
116 77 123 77 
116 78 124 78 
116 87 125 87 
116 96 127 96 
116 115 120 116 
116 120 126 120 
116 123 126 123 
116 138 120 139 
116 147 127 147 
116 151 127 151 
116 177 127 177 
116 179 126 179 
116 181 127 181 
116 186 127 186 
116 193 126 193 
116 211 127 211 
116 212 123 212 
116 231 125 231 
116 234 126 234 
116 245 124 245 
117 5 127 5 
117 7 125 7 
117 14 128 14 
117 18 126 18 
117 26 126 26 
117 43 126 43 
117 45 124 45 
117 59 121 60 
117 81 127 81 
117 82 121 83 
117 104 122 105 
117 137 125 137 
117 142 121 143 
117 155 127 155 
117 156 126 156 
117 180 125 180 
117 198 124 198 
117 199 122 200 
117 219 127 219 
117 232 126 232 
117 233 125 233 
118 3 127 3 
118 30 128 30 
118 35 128 35 
118 53 126 53 
118 54 129 54 
118 65 129 65 
118 67 129 67 
118 79 129 79 
118 93 129 93 
118 94 129 94 
118 108 129 108 
118 110 126 110 
118 129 128 129 
118 132 127 132 
118 145 128 145 
118 158 126 158 
118 162 126 162 
118 174 129 174 
118 220 129 220 
118 228 128 228 
118 229 123 230 
119 1 130 1 
119 2 130 2 
119 6 127 6 
119 15 129 15 
119 27 130 27 
119 31 128 31 
119 37 129 37 
119 69 124 70 
119 99 130 99 
119 118 126 118 
119 135 129 135 
119 149 129 149 
119 165 130 165 
119 178 130 178 
119 183 128 183 
119 190 129 190 
119 201 126 201 
119 202 130 202 
119 210 128 210 
119 223 127 223 
119 225 130 225 
119 226 127 226 
119 227 126 227 
119 241 129 241 
120 23 131 23 
120 41 131 41 
120 44 129 44 
120 51 130 51 
120 58 129 58 
120 89 130 89 
120 90 125 91 
120 100 128 100 
120 140 130 140 
120 159 128 159 
120 167 130 167 
120 176 131 176 
120 188 129 188 
120 191 130 191 
120 195 125 196 
120 213 128 213 
120 221 130 221 
120 222 131 222 
120 224 128 224 
120 235 128 235 
120 247 125 248 
120 249 129 249 
121 8 132 8 
121 12 125 13 
121 20 131 20 
121 25 132 25 
121 61 132 61 
121 63 132 63 
121 66 131 66 
121 115 132 115 
121 116 131 116 
121 121 126 122 
121 124 131 124 
121 138 131 138 
121 139 128 139 
121 152 132 152 
121 173 130 173 
121 184 126 185 
121 187 130 187 
121 189 129 189 
121 192 131 192 
121 214 129 214 
121 215 130 215 
121 238 131 238 
121 240 132 240 
122 24 132 24 
122 29 133 29 
122 40 133 40 
122 49 133 49 
122 57 130 57 
122 59 133 59 
122 60 133 60 
122 76 132 76 
122 82 132 82 
122 83 126 84 
122 88 131 88 
122 92 133 92 
122 102 127 103 
122 127 132 127 
122 130 132 130 
122 142 127 143 
122 144 131 144 
122 148 132 148 
122 150 130 150 
122 175 132 175 
122 182 133 182 
122 204 131 204 
122 207 133 207 
122 242 130 242 
122 244 133 244 
123 4 131 4 
123 32 134 32 
123 55 132 55 
123 72 132 72 
123 73 134 73 
123 97 132 97 
123 104 126 106 
123 107 134 107 
123 125 134 125 
123 131 134 131 
123 136 134 136 
123 157 132 157 
123 199 127 200 
123 203 134 203 
123 243 133 243 
124 10 132 10 
124 11 132 11 
124 22 135 22 
124 38 134 38 
124 42 134 42 
124 46 131 46 
124 52 133 52 
124 62 133 62 
124 95 133 95 
124 113 131 113 
124 126 133 126 
124 128 135 128 
124 133 133 133 
124 154 135 154 
124 163 129 164 
124 168 134 168 
124 169 135 169 
124 205 134 205 
124 208 135 208 
124 212 134 212 
125 9 132 9 
125 16 133 16 
125 19 136 19 
125 21 135 21 
125 36 136 36 
125 39 135 39 
125 45 135 45 
125 50 133 50 
125 68 128 70 
125 78 136 78 
125 111 129 112 
125 114 135 114 
125 117 133 117 
125 134 136 134 
125 146 135 146 
125 153 136 153 
125 160 136 160 
125 166 136 166 
125 172 136 172 
125 197 130 198 
125 209 134 209 
125 218 133 218 
125 236 136 236 
125 245 135 245 
126 0 137 0 
126 7 133 7 
126 12 130 13 
126 28 136 28 
126 56 137 56 
126 71 137 71 
126 74 137 74 
126 80 135 80 
126 85 133 85 
126 87 137 87 
126 90 134 90 
126 91 137 91 
126 98 136 98 
126 101 137 101 
126 109 137 109 
126 137 133 137 
126 141 134 141 
126 161 133 161 
126 171 135 171 
126 180 134 180 
126 194 129 196 
126 206 137 206 
126 217 136 217 
126 230 137 230 
126 231 137 231 
126 233 133 233 
126 239 136 239 
126 246 131 247 
126 248 133 248 
127 18 136 18 
127 26 137 26 
127 43 138 43 
127 53 137 53 
127 83 136 83 
127 84 136 84 
127 86 138 86 
127 104 136 104 
127 105 132 106 
127 118 128 122 
127 156 138 156 
127 158 137 158 
127 162 137 162 
127 170 137 170 
127 179 137 179 
127 184 131 185 
127 193 138 193 
127 201 135 201 
127 216 138 216 
127 227 138 227 
127 229 138 229 
127 234 138 234 
128 3 139 3 
128 5 132 6 
128 34 139 34 
128 47 132 48 
128 64 138 64 
128 75 136 75 
128 96 136 96 
128 102 137 102 
128 103 136 103 
128 132 138 132 
128 142 137 142 
128 147 139 147 
128 151 139 151 
128 155 139 155 
128 177 135 177 
128 181 137 181 
128 186 138 186 
128 199 139 199 
128 200 135 200 
128 211 137 211 
128 219 139 219 
128 223 138 223 
128 226 138 226 
129 14 136 14 
129 30 134 31 
129 35 139 35 
129 68 132 70 
129 100 140 100 
129 118 132 120 
129 121 139 121 
129 122 139 122 
129 129 140 129 
129 139 136 139 
129 143 140 143 
129 145 140 145 
129 159 137 159 
129 183 139 183 
129 210 138 210 
129 213 137 213 
129 224 139 224 
129 228 140 228 
129 232 140 232 
129 235 136 235 
130 15 139 15 
130 37 139 37 
130 44 141 44 
130 54 141 54 
130 65 140 65 
130 67 139 67 
130 79 140 79 
130 93 134 94 
130 108 139 108 
130 112 141 112 
130 135 138 135 
130 149 139 149 
130 163 134 164 
130 188 139 188 
130 189 139 189 
130 190 138 190 
130 194 141 194 
130 195 139 195 
130 196 140 196 
130 214 140 214 
130 220 137 220 
130 241 141 241 
130 249 140 249 
131 1 142 1 
131 2 142 2 
131 12 136 13 
131 17 142 17 
131 27 138 27 
131 51 138 51 
131 57 141 57 
131 58 142 58 
131 89 140 89 
131 99 142 99 
131 140 142 140 
131 165 142 165 
131 167 142 167 
131 173 141 173 
131 178 142 178 
131 187 142 187 
131 191 139 191 
131 197 142 197 
131 198 141 198 
131 202 138 202 
131 215 142 215 
131 221 140 221 
131 225 141 225 
131 242 142 242 
132 4 140 4 
132 20 143 20 
132 23 142 23 
132 41 142 41 
132 46 142 46 
132 66 142 66 
132 88 141 88 
132 113 142 113 
132 116 140 116 
132 123 137 124 
132 138 142 138 
132 144 142 144 
132 176 142 176 
132 184 143 184 
132 185 143 185 
132 192 142 192 
132 204 143 204 
132 237 137 238 
132 246 141 246 
132 247 141 247 
133 5 137 6 
133 8 138 9 
133 10 137 11 
133 24 143 24 
133 25 140 25 
133 47 138 48 
133 55 144 55 
133 61 142 61 
133 63 144 63 
133 68 144 68 
133 69 138 70 
133 72 143 72 
133 82 144 82 
133 97 144 97 
133 105 144 105 
133 106 142 106 
133 115 144 115 
133 118 137 119 
133 127 144 127 
133 130 141 130 
133 148 141 148 
133 152 144 152 
133 157 144 157 
133 174 138 175 
133 240 143 240 
134 7 145 7 
134 16 141 16 
134 29 145 29 
134 40 143 40 
134 49 139 50 
134 52 145 52 
134 59 145 59 
134 60 142 60 
134 62 143 62 
134 76 139 77 
134 85 142 85 
134 92 143 92 
134 95 144 95 
134 110 139 111 
134 117 142 117 
134 120 145 120 
134 126 144 126 
134 133 142 133 
134 137 143 137 
134 161 144 161 
134 182 144 182 
134 207 145 207 
134 218 144 218 
134 222 145 222 
134 233 145 233 
134 244 145 244 
135 30 140 31 
135 38 145 38 
135 42 144 42 
135 73 144 73 
135 90 146 90 
135 93 139 94 
135 107 144 107 
135 125 143 125 
135 131 146 131 
135 141 145 141 
135 163 144 163 
135 164 146 164 
135 168 146 168 
135 180 145 180 
135 203 146 203 
135 205 146 205 
135 209 146 209 
135 212 146 212 
135 248 146 248 
136 22 147 22 
136 39 147 39 
136 45 144 45 
136 80 143 80 
136 114 145 114 
136 128 144 128 
136 136 147 136 
136 146 147 146 
136 154 143 154 
136 171 147 171 
136 177 147 177 
136 200 143 200 
136 201 145 201 
136 208 147 208 
137 12 140 14 
137 18 142 19 
137 21 148 21 
137 36 145 36 
137 75 147 75 
137 83 142 84 
137 98 145 98 
137 103 144 103 
137 104 148 104 
137 134 148 134 
137 139 148 139 
137 153 148 153 
137 160 148 160 
137 166 147 166 
137 172 147 172 
137 217 145 217 
137 235 142 236 
137 239 145 239 
138 0 148 0 
138 5 143 6 
138 10 142 11 
138 26 147 26 
138 32 149 32 
138 53 149 53 
138 56 149 56 
138 74 149 74 
138 96 149 96 
138 101 148 101 
138 102 146 102 
138 109 149 109 
138 118 147 118 
138 119 148 119 
138 123 147 123 
138 124 149 124 
138 142 149 142 
138 158 143 159 
138 162 149 162 
138 169 143 170 
138 179 145 179 
138 181 149 181 
138 206 148 206 
138 211 149 211 
138 213 149 213 
138 220 149 220 
138 230 146 230 
138 237 149 237 
139 8 149 8 
139 9 150 9 
139 27 148 27 
139 43 150 43 
139 47 149 47 
139 48 149 48 
139 51 150 51 
139 64 147 64 
139 69 142 71 
139 78 150 78 
139 86 148 86 
139 87 150 87 
139 132 150 132 
139 135 147 135 
139 175 149 175 
139 186 150 186 
139 190 147 190 
139 193 150 193 
139 202 147 202 
139 210 150 210 
139 216 149 216 
139 223 148 223 
139 226 144 227 
139 229 149 229 
139 234 148 234 
140 3 149 3 
140 15 150 15 
140 33 143 35 
140 37 150 37 
140 49 149 49 
140 67 147 67 
140 77 148 77 
140 93 149 93 
140 94 151 94 
140 121 148 121 
140 122 151 122 
140 147 151 147 
140 149 143 151 
140 155 151 155 
140 183 147 183 
140 188 150 188 
140 191 149 191 
140 195 151 195 
140 199 149 199 
140 219 149 219 
140 224 151 224 
140 245 151 245 
141 4 152 4 
141 12 145 13 
141 14 149 14 
141 25 152 25 
141 30 150 30 
141 31 150 31 
141 65 152 65 
141 76 152 76 
141 79 149 79 
141 89 152 89 
141 100 150 100 
141 108 152 108 
141 111 152 111 
141 116 152 116 
141 129 150 129 
141 143 149 143 
141 145 152 145 
141 196 152 196 
141 214 150 214 
141 221 151 221 
141 228 151 228 
141 231 145 232 
141 249 150 249 
142 16 152 16 
142 44 151 44 
142 50 153 50 
142 54 152 54 
142 57 151 57 
142 81 153 81 
142 88 153 88 
142 91 153 91 
142 112 152 112 
142 130 152 130 
142 148 152 148 
142 173 151 173 
142 174 153 174 
142 194 152 194 
142 198 153 198 
142 225 149 225 
142 241 153 241 
142 246 153 246 
142 247 152 247 
143 1 153 1 
143 10 153 10 
143 11 150 11 
143 17 153 17 
143 18 154 18 
143 19 154 19 
143 23 154 23 
143 28 154 28 
143 41 154 41 
143 58 154 58 
143 60 147 61 
143 66 154 66 
143 69 146 71 
143 83 147 84 
143 85 153 85 
143 99 152 99 
143 106 152 106 
143 113 151 113 
143 117 152 117 
143 133 153 133 
143 138 154 138 
143 140 154 140 
143 144 153 144 
143 165 154 165 
143 167 153 167 
143 176 154 176 
143 178 153 178 
143 187 151 187 
143 189 154 189 
143 192 154 192 
143 215 153 215 
143 235 154 235 
143 236 153 236 
143 242 148 243 
144 2 155 2 
144 6 154 6 
144 20 155 20 
144 24 155 24 
144 33 148 34 
144 62 155 62 
144 72 154 72 
144 80 153 80 
144 92 155 92 
144 125 155 125 
144 137 154 137 
144 149 147 151 
144 158 155 158 
144 159 155 159 
144 184 154 184 
144 185 154 185 
144 200 151 200 
144 238 155 238 
144 240 155 240 
145 5 156 5 
145 40 156 40 
145 42 155 42 
145 45 150 46 
145 63 153 63 
145 68 156 68 
145 73 156 73 
145 82 155 82 
145 95 152 95 
145 97 154 97 
145 103 156 103 
145 107 154 107 
145 126 156 126 
145 127 149 128 
145 152 155 152 
145 157 156 157 
145 161 156 161 
145 163 156 163 
145 169 156 169 
145 182 152 182 
145 204 156 204 
145 218 155 218 
145 226 155 226 
145 227 155 227 
146 7 154 7 
146 12 156 12 
146 13 157 13 
146 29 155 29 
146 35 151 36 
146 38 155 38 
146 52 157 52 
146 55 157 55 
146 59 154 59 
146 98 155 98 
146 114 155 114 
146 141 156 141 
146 179 150 180 
146 201 155 201 
146 207 157 207 
146 217 157 217 
146 222 156 222 
146 231 151 232 
146 233 157 233 
147 69 158 69 
147 70 156 70 
147 71 157 71 
147 90 158 90 
147 102 155 102 
147 115 158 115 
147 131 157 131 
147 154 158 154 
147 164 155 164 
147 168 155 168 
147 203 155 203 
147 209 155 209 
147 212 157 212 
147 230 158 230 
147 248 157 248 
148 22 157 22 
148 26 158 26 
148 39 157 39 
148 60 153 61 
148 64 157 64 
148 67 159 67 
148 75 159 75 
148 83 152 84 
148 110 159 110 
148 118 159 118 
148 120 159 120 
148 123 158 123 
148 135 153 136 
148 146 155 146 
148 149 159 149 
148 150 158 150 
148 151 156 151 
148 166 157 166 
148 170 151 172 
148 177 158 177 
148 183 156 183 
148 202 159 202 
148 205 159 205 
148 208 159 208 
149 0 158 0 
149 21 158 21 
149 27 159 27 
149 33 158 33 
149 34 157 34 
149 86 158 86 
149 101 157 101 
149 104 154 105 
149 119 160 119 
149 121 159 121 
149 134 159 134 
149 139 158 139 
149 153 159 153 
149 156 160 156 
149 160 158 160 
149 190 160 190 
149 206 157 206 
149 234 158 234 
149 239 160 239 
149 242 154 243 
150 3 159 3 
150 8 160 8 
150 14 161 14 
150 32 161 32 
150 47 153 49 
150 53 160 53 
150 74 159 74 
150 79 160 79 
150 93 161 93 
150 109 161 109 
150 124 161 124 
150 127 160 127 
150 128 160 128 
150 142 157 142 
150 143 161 143 
150 162 161 162 
150 175 158 175 
150 191 161 191 
150 197 161 197 
150 199 161 199 
150 211 161 211 
150 216 157 216 
150 219 155 220 
150 225 161 225 
150 229 159 229 
150 237 161 237 
150 244 161 244 
151 9 162 9 
151 11 158 11 
151 15 162 15 
151 30 160 30 
151 31 160 31 
151 37 159 37 
151 43 162 43 
151 45 155 46 
151 51 161 51 
151 56 162 56 
151 77 156 78 
151 87 158 87 
151 100 159 100 
151 129 162 129 
151 132 161 132 
151 179 154 181 
151 188 162 188 
151 193 162 193 
151 210 162 210 
151 213 162 213 
151 214 162 214 
151 249 161 249 
152 36 160 36 
152 44 162 44 
152 57 163 57 
152 94 161 94 
152 96 163 96 
152 113 163 113 
152 122 162 122 
152 147 160 147 
152 155 162 155 
152 170 156 171 
152 172 156 173 
152 186 156 187 
152 195 162 195 
152 200 161 200 
152 221 163 221 
152 223 156 224 
152 228 163 228 
152 231 162 231 
152 232 163 232 
153 4 161 4 
153 25 162 25 
153 54 163 54 
153 65 163 65 
153 76 163 76 
153 83 164 83 
153 95 163 95 
153 99 164 99 
153 106 164 106 
153 108 162 108 
153 111 158 112 
153 116 164 116 
153 117 163 117 
153 130 163 130 
153 148 163 148 
153 182 161 182 
153 194 164 194 
153 196 162 196 
153 245 164 245 
154 1 164 1 
154 10 165 10 
154 16 159 17 
154 47 162 47 
154 48 164 48 
154 49 164 49 
154 50 165 50 
154 60 163 60 
154 61 165 61 
154 63 165 63 
154 80 161 80 
154 81 164 81 
154 84 159 85 
154 88 165 88 
154 91 165 91 
154 133 163 133 
154 135 159 136 
154 167 165 167 
154 174 165 174 
154 178 163 178 
154 215 162 215 
154 236 163 236 
154 241 164 241 
154 246 163 246 
155 6 164 6 
155 7 165 7 
155 18 166 18 
155 19 164 19 
155 23 163 23 
155 35 166 35 
155 41 165 41 
155 58 159 59 
155 66 162 66 
155 72 163 72 
155 89 166 89 
155 97 164 97 
155 104 166 104 
155 107 165 107 
155 137 160 138 
155 144 166 144 
155 165 163 165 
155 176 162 176 
155 179 166 179 
155 180 159 181 
155 185 163 185 
155 189 165 189 
155 192 166 192 
155 235 164 235 
155 242 166 242 
155 243 165 243 
156 2 166 2 
156 24 167 24 
156 28 161 29 
156 38 167 38 
156 45 165 45 
156 46 165 46 
156 62 166 62 
156 82 165 82 
156 92 165 92 
156 98 165 98 
156 102 165 102 
156 114 166 114 
156 125 164 125 
156 140 167 140 
156 145 167 145 
156 146 167 146 
156 152 166 152 
156 159 165 159 
156 168 167 168 
156 201 167 201 
156 203 165 203 
156 209 167 209 
156 218 165 218 
156 219 165 219 
156 220 165 220 
156 226 167 226 
156 238 165 238 
156 240 167 240 
156 247 167 247 
157 5 168 5 
157 12 168 12 
157 68 164 68 
157 73 168 73 
157 77 168 77 
157 103 166 103 
157 126 165 126 
157 151 168 151 
157 157 165 157 
157 158 168 158 
157 161 167 161 
157 163 162 164 
157 169 164 169 
157 170 167 170 
157 171 168 171 
157 172 165 172 
157 173 166 173 
157 183 168 183 
157 187 167 187 
157 204 168 204 
157 222 168 222 
157 224 167 224 
158 13 169 13 
158 22 166 22 
158 34 165 34 
158 39 169 39 
158 52 166 52 
158 55 169 55 
158 64 167 64 
158 70 163 71 
158 101 167 101 
158 131 169 131 
158 141 162 142 
158 166 168 166 
158 206 169 206 
158 207 168 207 
158 216 165 216 
158 217 169 217 
158 223 169 223 
158 227 169 227 
158 233 168 233 
158 248 168 248 
159 11 169 11 
159 20 164 21 
159 26 170 26 
159 40 170 40 
159 69 170 69 
159 86 163 87 
159 105 170 105 
159 111 163 112 
159 115 169 115 
159 139 167 139 
159 150 166 150 
159 154 170 154 
159 160 166 160 
159 175 170 175 
159 177 167 177 
159 184 170 184 
159 186 170 186 
159 230 170 230 
159 234 170 234 
160 0 171 0 
160 3 170 3 
160 16 164 17 
160 27 171 27 
160 37 171 37 
160 42 171 42 
160 58 169 58 
160 67 170 67 
160 74 169 74 
160 75 169 75 
160 84 170 84 
160 85 171 85 
160 100 169 100 
160 110 171 110 
160 118 170 118 
160 120 171 120 
160 121 171 121 
160 123 171 123 
160 134 170 134 
160 135 171 135 
160 153 171 153 
160 181 169 181 
160 202 171 202 
160 205 167 205 
160 229 167 229 
161 8 170 8 
161 30 172 30 
161 31 172 31 
161 36 172 36 
161 53 169 53 
161 78 172 78 
161 79 168 79 
161 119 170 119 
161 127 166 128 
161 137 171 137 
161 138 172 138 
161 147 171 147 
161 149 172 149 
161 156 172 156 
161 190 172 190 
161 198 172 198 
161 239 171 239 
162 4 173 4 
162 28 166 29 
162 51 173 51 
162 59 173 59 
162 80 171 80 
162 90 173 90 
162 93 172 93 
162 94 172 94 
162 109 173 109 
162 132 170 132 
162 143 169 143 
162 162 171 162 
162 182 172 182 
162 191 173 191 
162 197 173 197 
162 199 173 199 
162 200 173 200 
162 211 167 212 
162 225 173 225 
162 237 172 237 
162 244 171 244 
162 249 171 249 
163 9 171 9 
163 14 167 15 
163 25 172 25 
163 43 174 43 
163 44 174 44 
163 47 174 47 
163 56 172 56 
163 66 173 66 
163 108 174 108 
163 141 174 141 
163 142 174 142 
163 155 173 155 
163 163 168 164 
163 176 171 176 
163 188 173 188 
163 193 174 193 
163 195 171 195 
163 210 174 210 
163 213 166 215 
163 231 172 231 
164 54 174 54 
164 57 175 57 
164 60 175 60 
164 70 168 71 
164 72 173 72 
164 76 175 76 
164 86 175 86 
164 87 173 87 
164 95 174 95 
164 96 173 96 
164 111 175 111 
164 113 174 113 
164 129 168 130 
164 148 175 148 
164 165 175 165 
164 178 172 178 
164 180 175 180 
164 185 173 185 
164 221 171 221 
164 228 173 228 
164 232 175 232 
164 236 175 236 
164 246 175 246 
165 1 176 1 
165 6 176 6 
165 16 170 17 
165 19 176 19 
165 20 170 21 
165 48 174 48 
165 49 176 49 
165 81 176 81 
165 83 175 83 
165 97 174 97 
165 99 173 99 
165 106 176 106 
165 116 175 116 
165 125 176 125 
165 136 176 136 
165 194 175 194 
165 235 174 235 
165 241 175 241 
165 245 174 245 
166 7 176 7 
166 10 177 10 
166 23 177 23 
166 33 171 34 
166 41 177 41 
166 45 170 46 
166 50 174 50 
166 61 174 61 
166 68 177 68 
166 82 175 82 
166 88 174 88 
166 91 171 92 
166 98 176 98 
166 102 174 102 
166 107 177 107 
166 126 174 126 
166 157 177 157 
166 167 175 167 
166 174 175 174 
166 189 177 189 
166 203 177 203 
166 216 177 216 
166 218 170 219 
166 220 174 220 
166 238 177 238 
166 243 175 243 
167 18 175 18 
167 22 176 22 
167 28 176 28 
167 29 176 29 
167 35 177 35 
167 52 177 52 
167 62 176 62 
167 63 178 63 
167 89 174 89 
167 103 176 103 
167 104 178 104 
167 114 174 114 
167 127 171 128 
167 144 178 144 
167 150 175 150 
167 152 177 152 
167 159 172 160 
167 172 171 173 
167 179 176 179 
167 196 178 196 
167 213 170 215 
167 242 175 242 
168 15 176 15 
168 24 179 24 
168 32 179 32 
168 38 176 38 
168 64 172 65 
168 101 176 101 
168 133 179 133 
168 139 177 139 
168 145 177 145 
168 146 177 146 
168 161 177 161 
168 168 179 168 
168 177 178 177 
168 187 176 187 
168 201 178 201 
168 205 177 205 
168 208 173 209 
168 211 179 211 
168 212 177 212 
168 224 179 224 
168 226 177 226 
168 229 177 229 
168 240 179 240 
169 2 180 2 
169 5 180 5 
169 12 180 12 
169 70 174 71 
169 73 179 73 
169 77 176 77 
169 79 180 79 
169 117 180 117 
169 129 180 129 
169 130 176 130 
169 151 176 151 
169 158 180 158 
169 163 173 164 
169 166 179 166 
169 169 172 171 
169 183 180 183 
169 204 178 204 
169 207 180 207 
169 222 176 222 
169 233 179 233 
169 247 180 247 
169 248 179 248 
170 11 180 11 
170 13 179 13 
170 39 181 39 
170 53 180 53 
170 55 178 55 
170 58 180 58 
170 74 175 75 
170 100 178 100 
170 115 181 115 
170 124 181 124 
170 131 181 131 
170 181 179 181 
170 206 180 206 
170 217 181 217 
170 223 180 223 
170 227 179 227 
171 3 179 3 
171 8 180 8 
171 14 182 14 
171 16 180 16 
171 20 176 21 
171 40 180 40 
171 45 175 46 
171 69 182 69 
171 105 182 105 
171 112 182 112 
171 118 180 118 
171 119 182 119 
171 122 182 122 
171 134 182 134 
171 143 182 143 
171 175 179 175 
171 184 182 184 
171 186 182 186 
171 213 181 213 
171 214 182 214 
171 215 181 215 
171 218 180 218 
171 219 181 219 
171 230 178 230 
171 234 181 234 
172 0 182 0 
172 9 182 9 
172 26 177 27 
172 34 183 34 
172 42 179 42 
172 80 182 80 
172 84 176 85 
172 91 182 91 
172 92 180 92 
172 120 183 120 
172 123 183 123 
172 127 183 127 
172 128 179 128 
172 135 183 135 
172 137 183 137 
172 147 183 147 
172 154 183 154 
172 162 180 162 
172 172 176 173 
172 176 183 176 
172 195 181 195 
172 202 180 202 
172 221 181 221 
172 239 183 239 
172 249 183 249 
173 25 183 25 
173 30 177 31 
173 36 177 37 
173 56 181 56 
173 64 181 64 
173 65 182 65 
173 93 184 93 
173 110 184 110 
173 121 184 121 
173 138 181 138 
173 149 182 149 
173 156 182 156 
173 159 182 159 
173 160 182 160 
173 170 178 171 
173 182 181 182 
173 190 183 190 
173 192 184 192 
173 198 183 198 
173 231 182 231 
173 237 184 237 
174 4 181 4 
174 33 185 33 
174 51 181 51 
174 59 182 59 
174 66 182 66 
174 78 185 78 
174 90 182 90 
174 96 183 96 
174 99 185 99 
174 155 183 155 
174 163 183 163 
174 164 181 164 
174 178 185 178 
174 185 185 185 
174 188 184 188 
174 191 184 191 
174 199 179 200 
174 208 185 208 
174 209 184 209 
174 228 183 228 
175 43 182 43 
175 44 185 44 
175 47 185 47 
175 50 185 50 
175 54 186 54 
175 61 183 61 
175 70 185 70 
175 71 180 72 
175 87 178 89 
175 94 186 94 
175 95 186 95 
175 97 186 97 
175 102 185 102 
175 108 179 109 
175 113 184 113 
175 114 185 114 
175 126 185 126 
175 141 185 141 
175 142 183 142 
175 169 186 169 
175 193 184 193 
175 210 186 210 
175 220 185 220 
175 235 182 235 
175 245 184 245 
176 17 180 18 
176 46 187 46 
176 48 187 48 
176 57 186 57 
176 60 187 60 
176 74 184 74 
176 75 187 75 
176 76 187 76 
176 82 184 82 
176 83 185 83 
176 86 186 86 
176 111 187 111 
176 116 185 116 
176 148 186 148 
176 150 185 150 
176 165 185 165 
176 167 187 167 
176 174 184 174 
176 180 185 180 
176 194 186 194 
176 232 185 232 
176 236 185 236 
176 241 179 243 
176 246 185 246 
177 6 185 6 
177 7 187 7 
177 15 186 15 
177 19 182 20 
177 28 182 29 
177 38 184 38 
177 45 188 45 
177 49 188 49 
177 62 187 62 
177 77 188 77 
177 81 188 81 
177 84 182 85 
177 98 186 98 
177 101 185 101 
177 103 188 103 
177 106 185 106 
177 125 187 125 
177 130 184 130 
177 136 185 136 
177 151 188 151 
177 172 182 173 
177 179 186 179 
177 187 185 187 
177 222 188 222 
178 1 189 1 
178 10 187 10 
178 21 189 21 
178 23 188 23 
178 26 183 27 
178 30 185 30 
178 31 189 31 
178 35 183 36 
178 37 189 37 
178 41 188 41 
178 67 183 68 
178 139 187 139 
178 145 189 145 
178 146 188 146 
178 152 188 152 
178 153 189 153 
178 157 189 157 
178 189 186 189 
178 203 189 203 
178 205 188 205 
178 212 189 212 
178 216 187 216 
178 225 183 226 
178 229 188 229 
178 238 188 238 
179 22 190 22 
179 52 190 52 
179 55 186 55 
179 63 188 63 
179 87 189 87 
179 88 184 89 
179 104 186 104 
179 107 190 107 
179 144 190 144 
179 170 184 171 
179 177 190 177 
179 196 186 196 
179 197 190 197 
179 201 189 201 
179 204 190 204 
179 230 187 230 
180 3 191 3 
180 13 190 13 
180 32 191 32 
180 42 190 42 
180 73 187 73 
180 100 191 100 
180 108 188 108 
180 109 191 109 
180 128 189 128 
180 161 191 161 
180 166 188 166 
180 168 191 168 
180 181 191 181 
180 199 190 199 
180 200 189 200 
180 211 190 211 
180 224 188 224 
180 227 191 227 
180 233 187 233 
180 240 191 240 
180 241 191 241 
180 242 185 243 
180 248 190 248 
181 5 190 5 
181 8 192 8 
181 11 189 11 
181 12 192 12 
181 16 185 17 
181 18 188 18 
181 40 189 40 
181 53 192 53 
181 58 192 58 
181 71 192 71 
181 79 190 79 
181 92 191 92 
181 117 192 117 
181 129 191 129 
181 140 192 140 
181 162 191 162 
181 183 191 183 
181 202 191 202 
181 206 190 206 
181 207 190 207 
181 218 192 218 
181 223 191 223 
181 244 192 244 
181 247 189 247 
182 4 192 4 
182 39 193 39 
182 51 193 51 
182 56 193 56 
182 64 190 64 
182 72 193 72 
182 115 192 115 
182 124 192 124 
182 131 190 131 
182 138 193 138 
182 158 193 158 
182 164 191 164 
182 175 193 175 
182 182 190 182 
182 195 191 195 
182 215 192 215 
182 217 191 217 
182 219 193 219 
182 221 193 221 
182 234 191 234 
183 0 194 0 
183 9 191 9 
183 14 194 14 
183 19 192 19 
183 20 194 20 
183 28 194 28 
183 29 193 29 
183 66 194 66 
183 69 193 69 
183 80 190 80 
183 84 193 84 
183 85 190 85 
183 90 193 90 
183 91 192 91 
183 105 193 105 
183 112 194 112 
183 118 187 119 
183 122 192 122 
183 132 194 132 
183 134 193 134 
183 143 191 143 
183 156 190 156 
183 159 193 159 
183 160 193 160 
183 172 194 172 
183 173 194 173 
183 184 190 184 
183 186 194 186 
183 213 187 214 
183 231 192 231 
184 25 194 25 
184 26 188 27 
184 34 193 34 
184 35 195 35 
184 59 195 59 
184 61 193 61 
184 67 189 68 
184 96 194 96 
184 120 195 120 
184 123 195 123 
184 127 194 127 
184 133 195 133 
184 135 194 135 
184 137 195 137 
184 142 194 142 
184 147 194 147 
184 149 195 149 
184 154 191 154 
184 163 195 163 
184 176 195 176 
184 190 194 190 
184 198 195 198 
184 239 194 239 
184 249 192 249 
185 38 196 38 
185 82 193 82 
185 88 196 88 
185 89 196 89 
185 93 196 93 
185 113 196 113 
185 121 193 121 
185 130 194 130 
185 170 196 170 
185 171 196 171 
185 174 195 174 
185 188 196 188 
185 191 188 193 
185 209 196 209 
185 225 196 225 
185 226 196 226 
185 235 196 235 
185 237 195 237 
186 6 195 6 
186 16 196 16 
186 17 197 17 
186 30 195 30 
186 33 196 33 
186 43 190 44 
186 47 197 47 
186 50 197 50 
186 70 197 70 
186 78 193 78 
186 83 197 83 
186 99 195 99 
186 101 197 101 
186 102 193 102 
186 106 195 106 
186 110 197 110 
186 116 196 116 
186 126 193 126 
186 150 195 150 
186 165 197 165 
186 178 197 178 
186 180 195 180 
186 185 197 185 
186 187 197 187 
186 208 196 208 
186 220 196 220 
186 232 195 232 
186 236 197 236 
186 242 196 242 
186 245 197 245 
186 246 197 246 
187 15 196 15 
187 54 196 54 
187 55 197 55 
187 57 198 57 
187 86 196 86 
187 94 197 94 
187 95 198 95 
187 97 192 98 
187 114 198 114 
187 148 197 148 
187 155 198 155 
187 169 196 169 
187 179 195 179 
187 196 195 196 
187 210 195 210 
187 228 198 228 
188 2 199 2 
188 7 195 7 
188 10 199 10 
188 46 197 46 
188 48 199 48 
188 60 199 60 
188 62 195 62 
188 73 196 73 
188 74 191 76 
188 118 192 119 
188 125 199 125 
188 139 199 139 
188 213 198 213 
188 214 198 214 
188 216 198 216 
188 230 198 230 
188 233 196 233 
189 23 193 24 
189 26 193 27 
189 45 199 45 
189 49 199 49 
189 63 197 63 
189 77 199 77 
189 81 199 81 
189 103 194 104 
189 108 198 108 
189 146 197 146 
189 151 199 151 
189 152 196 152 
189 191 194 192 
189 193 198 193 
189 205 196 205 
189 224 199 224 
190 11 199 11 
190 21 199 21 
190 31 199 31 
190 37 198 37 
190 40 199 40 
190 67 198 67 
190 87 199 87 
190 145 198 145 
190 153 199 153 
190 157 199 157 
190 201 199 201 
190 203 199 203 
190 247 198 247 
191 13 199 13 
191 22 199 22 
191 41 194 43 
191 52 199 52 
191 64 199 64 
191 79 199 79 
191 85 199 85 
191 107 199 107 
191 144 199 144 
191 177 198 177 
191 182 199 182 
191 199 195 200 
191 206 196 207 
191 211 195 212 
192 32 199 32 
192 74 197 75 
192 92 199 92 
192 154 199 154 
192 161 197 162 
192 164 199 164 
192 167 197 168 
192 181 199 181 
192 183 199 183 
192 194 197 195 
192 217 199 217 
192 222 197 223 
192 240 199 240 
193 3 198 4 
193 8 198 9 
193 18 197 19 
193 117 196 119 
193 140 198 141 
193 248 197 249 
194 23 198 24 
194 26 199 27 
194 68 199 69 
194 71 198 72 
194 90 198 91 
194 121 199 122 
194 158 198 159 
194 243 199 244 
195 28 199 29 
195 41 199 42 
195 65 199 66 
195 102 197 105 
195 126 196 131 
195 134 198 136 
195 189 197 192 
195 238 199 239 
196 5 199 7 
196 34 199 36 
196 58 199 59 
196 137 199 138 
196 172 198 175 
196 196 199 198 
196 210 199 212 
197 115 199 118 
197 126 197 133 
197 204 199 207 
197 218 199 220 
197 225 199 227 
197 231 198 235 
198 14 199 19 
198 73 199 76 
198 96 198 105 
198 109 199 113 
198 126 199 130 
198 160 199 163 
198 184 199 189 
199 165 199 176 
199 228 199 236 
